mutant,mif_score,DMS_score
A392C,-11.516022682189941,-0.1908804170023333
A392D,-11.09386920928955,-0.541141487938
A392E,-10.427552223205566,-0.6221922382449999
A392F,-12.360159873962402,-0.6847454988996667
A392G,-10.631452560424805,-0.0507647913406166
A392H,-13.364259719848633,-0.6643270027766666
A392I,-11.987159729003906,-0.4425495464613333
A392K,-12.607156753540039,-0.5571306077733333
A392L,-11.476451873779297,-0.6169791523006666
A392M,-8.636165618896484,-0.6285351747410001
A392N,-11.669594764709473,-0.6188238140583334
A392P,-15.921019554138184,-0.6786377122868334
A392Q,-9.591054916381836,-0.5985316879970001
A392R,-12.027677536010742,-0.6308644111326666
A392S,-6.836103439331055,-0.2535627769274444
A392T,-11.812498092651367,-0.4252154015836665
A392V,-12.592458724975586,-0.1375495446186166
A392W,-13.57776927947998,-0.508351799
A392Y,-13.40815544128418,-0.649173198803
A403C,-6.974117279052734,-0.0065162216195333
A403D,-3.5926334857940674,-0.0187587871754333
A403E,-3.3033969402313232,0.267826739314
A403F,-4.375210762023926,-0.0393046686437666
A403G,-6.061370849609375,0.0104196471658666
A403H,-4.595774173736572,0.0060397006762166
A403I,-4.811061382293701,-0.0653143617132666
A403K,-2.257418155670166,-0.0028691889883333
A403L,-4.743010997772217,-0.0032033630945344
A403M,-5.813698768615723,-0.0347808195259
A403N,-3.3948991298675537,0.0245848771443033
A403P,-12.219123840332031,-0.0944753337559833
A403Q,-3.575808048248291,0.0204745843681
A403R,-2.9247941970825195,-0.0595390742454343
A403S,-3.456394672393799,-0.0011515813680222
A403T,-3.6186447143554688,-0.0052797224781125
A403V,-4.289668560028076,-0.0097962278385166
A403W,-6.555066108703613,-0.176209920016
A403Y,-4.609406471252441,-0.0170170615720666
A412C,-4.730903625488281,-0.203533047227
A412D,-12.021833419799805,-0.48713226437
A412E,-10.65715503692627,-0.345097526218
A412F,-5.147690296173096,-0.5558920955795
A412G,-10.912352561950684,0.0342427185024
A412H,-10.096651077270508,-0.3255749261916666
A412I,-10.295080184936523,-0.3875403709943333
A412K,-12.2098388671875,-0.3099169518916667
A412L,-10.438013076782227,-0.6294965592376667
A412M,-5.882689476013184,-0.4367624912965
A412N,-9.678759574890137,-0.4514462946106667
A412P,-12.820284843444824,-0.2710648561233333
A412Q,-9.499783515930176,-0.3190298318526667
A412R,-13.036934852600098,-0.4111870292406666
A412S,-4.769288063049316,-0.1435698746878666
A412T,-7.4573798179626465,-0.3092084998535833
A412V,-9.310141563415527,-0.3622645656531666
A412W,-10.743996620178223,-0.50526863928
A412Y,-8.531009674072266,-0.5234836680206667
A432C,-4.124159812927246,-0.0406499801787
A432D,-2.797253370285034,-0.0907862842175333
A432E,-6.408389091491699,-0.0785285144246333
A432F,-5.571603298187256,-0.0743960477841999
A432G,-0.8601770401000977,-0.0163363136793832
A432H,-5.124660491943359,-0.0695399644984
A432I,-8.672677040100098,-0.1154573961003333
A432K,-5.633149147033691,-0.1869083190743333
A432L,-7.176002502441406,-0.0887122127013999
A432M,-6.87930154800415,-0.0706634430818666
A432N,-4.321768760681152,-0.1157493691983333
A432P,-10.616324424743652,-0.1205859844298333
A432Q,-5.260114669799805,-0.0899633733102
A432R,-7.7379231452941895,-0.0649277054734777
A432S,-3.065941333770752,-0.0540762518349665
A432T,-5.396770477294922,-0.1070253495367666
A432V,-7.8661723136901855,-0.0890108291720666
A432W,-5.0560688972473145,-0.0504538869544333
A432Y,-4.916240692138672,-0.0819618305004
A442C,-2.54001522064209,0.00613028831688
A442D,-11.06099796295166,-0.1606232929777731
A442E,-10.835368156433105,0.127825585788
A442F,-15.321846961975098,-0.251694462608
A442G,-11.401748657226562,-0.122314698016
A442H,-11.961736679077148,-0.1306580622072024
A442I,-17.661083221435547,-0.0769564756899276
A442K,-15.974989891052246,-0.16299725422
A442L,-13.543169021606445,0.0203893449649638
A442M,-9.075312614440918,-0.0956903231959
A442N,-10.157034873962402,-0.0476427453541246
A442P,-9.05827522277832,-0.4909017782893186
A442Q,-10.391530990600586,-0.13352782546605
A442R,-14.771075248718262,-0.435781251999864
A442S,-4.7483062744140625,-0.0778636915208587
A442T,-10.580310821533203,-0.064054154618632
A442V,-12.650198936462402,-0.1335297976087208
A442Y,-16.21279525756836,-0.1322583283754867
A488C,-7.692680358886719,-0.074008305926509
A488D,-14.824020385742188,-0.34581689314288
A488E,-12.087055206298828,-0.152230355081952
A488F,-11.394487380981445,-0.4297701152680257
A488G,-7.349928855895996,-0.0135910684162056
A488H,-10.133872985839844,-0.2834984896081347
A488I,-13.088123321533203,-0.398386111366867
A488K,-6.482199668884277,-0.3395565011771769
A488L,-12.041219711303711,-0.4784886005799549
A488M,-7.008052825927734,-0.315064518807767
A488N,-10.141733169555664,-0.3927472862169927
A488P,-14.439895629882812,-0.4283717814178768
A488Q,-7.88985013961792,-0.3689503979196946
A488R,-8.79381275177002,-0.231621381238234
A488S,-9.120830535888672,0.020460776717334
A488T,-11.13131046295166,-0.1416909093609143
A488V,-11.588223457336426,-0.0730156846671823
A488Y,-10.8179292678833,-0.4966043842378527
A489C,-8.257796287536621,0.0008203344369598
A489D,-10.93509292602539,-0.2779969697760047
A489E,-11.825304985046387,-0.412987294699569
A489F,-10.153297424316406,-0.2801386958821176
A489G,-9.925491333007812,0.0181762074249201
A489H,-12.069669723510742,-0.3977407914866016
A489I,-10.413403511047363,-0.0449885036642089
A489K,-15.632143020629883,-0.4519689226124713
A489L,-9.001253128051758,0.0113827661688661
A489M,-7.162919998168945,0.0093731156839692
A489N,-8.962793350219727,-0.0653664327832461
A489P,-8.390953063964844,-0.0739636281596053
A489Q,-13.555110931396484,-0.248681607957243
A489R,-15.593138694763184,-0.4269835215908115
A489S,-2.7904629707336426,0.0065851472780639
A489T,-7.04244327545166,0.0339770325372701
A489V,-9.304086685180664,0.0292584167247597
A489Y,-10.987290382385254,-0.4174165951735549
A500C,-10.346078872680664,0.0246776857445704
A500D,-12.889434814453125,-0.430720901719981
A500E,-14.222793579101562,-0.5266550546571547
A500F,-15.112955093383789,-0.4471452432515344
A500G,-11.34720516204834,-0.0505670148771264
A500H,-14.957767486572266,-0.4538417883145503
A500I,-15.244623184204102,0.0013349386162341
A500K,-16.354751586914062,-0.4440158212813596
A500L,-13.765702247619629,0.0157926410008918
A500M,-11.860929489135742,-0.0977763865694079
A500N,-13.257753372192383,-0.0432013022509356
A500P,-11.394449234008789,0.006107978253297
A500Q,-14.218953132629395,-0.2209378617838766
A500R,-16.86510467529297,-0.3782486506153553
A500S,-6.988611221313477,-0.0217869665322802
A500T,-10.27346420288086,-0.0413112218307194
A500V,-11.604911804199219,0.0147017663958147
A500W,-16.568696975708008,-0.3915223596439939
A500Y,-14.784184455871582,-0.4735153977799797
A510C,-7.056771755218506,0.0995175667418131
A510D,-10.722066879272461,0.075591646952274
A510E,-11.587503433227539,0.08242336133485
A510F,-9.9567289352417,0.0191572233120642
A510G,-7.448769569396973,0.0369135413849117
A510H,-11.31279182434082,0.0587802561059924
A510I,-11.944908142089844,-0.022147508560458
A510K,-12.008462905883789,0.261659136306086
A510L,-12.567323684692383,0.005863277260973
A510M,-10.24135971069336,0.0585861648671796
A510N,-10.993322372436523,0.0566758113147337
A510P,-4.004108428955078,0.1156623248989364
A510Q,-11.198956489562988,0.1839746827294663
A510R,-12.5926513671875,0.176281628154597
A510S,-5.154329776763916,0.1042596007420198
A510T,-9.33788776397705,0.0704773262231729
A510V,-7.736018180847168,-0.0489071681982277
A510Y,-10.266692161560059,0.0146088020298395
A513C,-4.010672092437744,0.0500522634066827
A513D,-3.705451488494873,0.1092672773651706
A513E,-3.462810516357422,0.2000829201989986
A513F,-4.365690231323242,0.0247841176765419
A513G,-2.2918760776519775,0.0968130609962709
A513H,-2.287280559539795,0.0467268578871697
A513I,-3.5716099739074707,0.0508440658778395
A513K,-1.7037322521209717,0.055993117836768
A513L,-2.4481520652770996,0.0239056119961307
A513M,-3.4724693298339844,0.100533235865168
A513N,-1.4117662906646729,0.0506358957668134
A513P,-4.622509002685547,0.1085708149689404
A513Q,-2.3545236587524414,0.0957399363517833
A513R,-2.044753074645996,0.0630622109375075
A513S,-2.907118320465088,0.0963849739965983
A513T,-3.5332460403442383,0.079397901560147
A513V,-3.98402738571167,0.0592310507221752
A513W,-4.426170825958252,0.0693098844751183
A513Y,-4.046817302703857,0.0305756234337416
A520C,-4.244980812072754,-0.001833399032391
A520D,-0.2700002193450928,-0.0025529018230105
A520E,-2.2205581665039062,0.0457210164617421
A520F,-3.706164598464966,0.0087367000473571
A520G,-4.439384460449219,0.0018086764405149
A520H,-3.315429449081421,-0.0884152829813295
A520I,-2.605945110321045,0.0559271636711347
A520L,-2.7093729972839355,-0.024251554686678
A520M,-4.168237686157227,0.360445030331
A520N,-1.6964991092681885,-0.0518286726850971
A520P,-4.579682350158691,0.0367266931055885
A520Q,-3.59378981590271,-0.0656976426477258
A520R,-3.0398833751678467,-0.0636753073165765
A520S,-1.8940684795379639,0.0434979081355859
A520T,-2.0911731719970703,0.0020211062598326
A520V,-2.309300422668457,-0.006375310024595
A520Y,-3.707838773727417,-0.0236009661458464
A523C,-5.74178409576416,0.0223607351088831
A523D,-2.4820449352264404,0.064046098855049
A523E,-1.917117953300476,0.0340576647615867
A523F,-3.8701906204223633,0.0175848650272457
A523G,-4.660037517547607,-0.0280057970082279
A523H,-4.371672630310059,0.0120192391394303
A523I,-5.136270999908447,0.0972939109871969
A523K,-4.63742733001709,0.0151012579649138
A523L,-4.305875778198242,0.0118475881901871
A523M,-5.328275680541992,0.0452253634661846
A523N,-4.433934211730957,0.0405023651470574
A523P,-3.60715651512146,0.0656882977502607
A523Q,-4.040804386138916,0.0104672030485021
A523R,-3.939779758453369,0.018179023558012
A523S,-3.7148170471191406,0.0064121857123246
A523T,-4.3666768074035645,0.056039223630177
A523V,-4.33806037902832,0.0518592067646214
A523W,-4.427024841308594,-0.005273718794496
A523Y,-4.207203388214111,0.0124041382693138
A532C,-11.829217910766602,-0.1750261914205273
A532D,-12.706060409545898,-0.2041839679439531
A532F,-11.847062110900879,-0.5545310749343816
A532G,-12.109105110168457,0.0280307633890015
A532H,-7.598579406738281,-0.5253891412602234
A532I,-16.59300422668457,-0.5616202007211881
A532L,-14.586440086364746,-0.5587913775990945
A532M,-13.163581848144531,-0.492487216241318
A532N,-14.082419395446777,-0.5777370231263333
A532P,-11.760173797607422,-0.0157795886235257
A532R,-12.864041328430176,-0.4873287247738922
A532S,-6.044602870941162,-0.1076655501539124
A532T,-13.31263542175293,-0.5179228208747313
A532V,-17.44025421142578,-0.5499497697563401
A532Y,-10.49512004852295,-0.5081176858300408
A557C,-10.419917106628418,0.0086777509348932
A557D,-13.859140396118164,-0.377800691966083
A557F,-11.380913734436035,-0.212037837722967
A557G,-9.786377906799316,-0.30330758337833
A557H,-13.553083419799805,-0.5384840551976819
A557I,-16.345354080200195,-0.2402510524875045
A557L,-14.893255233764648,-0.0659479013862994
A557N,-15.38076400756836,-0.286741409994571
A557P,-12.495418548583984,-0.6678393115235686
A557Q,-15.70363998413086,-0.549068490400098
A557R,-18.878620147705078,-0.6345761126229497
A557S,-6.307592391967773,-0.0334704857279051
A557T,-10.322476387023926,-0.1761477885276989
A557V,-14.515195846557617,-0.074253920128296
A557Y,-13.990822792053223,-0.40159412521519
A587C,-7.56109619140625,-0.0950470132015911
A587D,-3.42454195022583,-0.0145777548655616
A587E,-2.063899517059326,0.0395675385804347
A587F,-6.435306549072266,-0.0775504202495762
A587G,-6.827291488647461,-0.0312495729855503
A587H,-5.8450026512146,-0.039077099348331
A587I,-5.522397518157959,-0.0823995181114389
A587K,-2.5756540298461914,0.1082955677982945
A587L,-5.29724645614624,-0.0641647197054628
A587M,-6.116496562957764,-0.0358011536856281
A587N,-4.959809303283691,0.0173623180288483
A587P,-3.448195457458496,-0.000128650945337
A587Q,-4.168513774871826,-0.04221653471135
A587R,-4.756864070892334,-0.0305612885380375
A587S,-2.8856420516967773,-0.0363078706785657
A587T,-4.585104465484619,-0.0185812647020608
A587V,-4.584967613220215,-0.1016215408948759
A587W,-8.11939811706543,-0.1939089606873852
A587Y,-6.550213813781738,-0.1155434345124272
A605C,-7.6058526039123535,0.0136064008772454
A605D,-6.644692420959473,0.089619594929099
A605E,-3.45001220703125,-0.0897368562696723
A605F,-6.388728618621826,0.0308023489821024
A605G,-6.864876747131348,-0.0621558971546067
A605H,-6.502668857574463,0.0802171423079308
A605I,-3.7413196563720703,0.0374538120269993
A605K,-7.153660774230957,0.0110820067573376
A605L,-3.6695287227630615,0.0294675956815261
A605M,-3.4254398345947266,0.0833306472971073
A605N,-6.900667667388916,0.0380370825336497
A605P,-4.619634628295898,0.0771832904265783
A605Q,-3.975504159927368,0.0264313099010102
A605R,-5.789854049682617,-0.0151627831843419
A605S,-2.6543500423431396,0.0315042024882839
A605T,-4.604977130889893,0.0240600086274519
A605V,-3.963972806930542,-0.009381642651435
A605W,-4.6638994216918945,-0.0853576009873825
A605Y,-6.723311901092529,0.0149516058572405
A613C,-9.000324249267578,0.0803534588928348
A613D,-3.8230392932891846,0.3584986967745526
A613F,-7.8045878410339355,-0.0331571704479643
A613G,-7.251343727111816,0.1123472738222533
A613H,-6.303766250610352,0.0770947987992205
A613I,-5.998936176300049,-0.0160175505667588
A613L,-5.0158772468566895,0.034658188399503
A613M,-6.745675086975098,0.0488749347330313
A613N,-5.514182090759277,0.1202997725894906
A613P,-10.508787155151367,0.0331314067015965
A613Q,-3.932117223739624,0.1630796875006651
A613R,-4.969916343688965,-0.0007007655871401
A613S,-3.5781631469726562,0.0807798709682703
A613T,-4.019550323486328,0.0465847023281335
A613V,-5.144800186157227,-0.0434574389756415
A613W,-9.146280288696289,0.00797267722829
A613Y,-7.376406192779541,-0.0521447019990849
C430A,-6.954491138458252,-0.0850125087765666
C430D,-8.161438941955566,-0.1607856881219999
C430E,-5.937735557556152,-0.1020239121324
C430F,-11.48301887512207,-0.2285822277203333
C430G,-11.445646286010742,-0.0897357343625332
C430H,-11.115470886230469,-0.1132102523529999
C430I,-4.622828483581543,0.0267772536346666
C430K,-7.472845077514648,-0.1519258224
C430L,-6.958760738372803,-0.1137209308075888
C430M,-7.518597602844238,-0.0440591797799933
C430N,-6.483797550201416,-0.140967379186
C430P,-11.97662353515625,-0.3182544883011666
C430Q,-6.65076208114624,-0.1172175792762
C430R,-8.031753540039062,-0.1107357202022332
C430S,-7.445188045501709,-0.0938616455143777
C430T,-4.421907901763916,-0.0800150606095
C430V,-0.49979260563850403,-0.0564148078972333
C430W,-9.014780044555664,-0.1982116010095
C430Y,-8.686599731445312,-0.1267860368293333
C535A,-5.259034156799316,0.0282902290371367
C535D,-8.080971717834473,-0.0254166884383399
C535E,-4.173511028289795,-0.1277814173441816
C535F,-10.832420349121094,-0.013672774256987
C535G,-9.792879104614258,-0.0181617441122126
C535H,-11.393489837646484,-0.2925865376413989
C535I,-4.847568988800049,-0.1528041418104976
C535K,-10.504982948303223,-0.228385146499389
C535L,-9.459936141967773,-0.2126165693163587
C535M,-2.901524543762207,-0.0480106210990185
C535N,-8.496204376220703,-0.0237572579888396
C535P,-10.283666610717773,-0.0948825202515805
C535Q,-2.937967300415039,-0.1163953909860821
C535R,-10.279305458068848,-0.3809058381235182
C535S,-4.816593170166016,-0.0007172453544905
C535T,-4.366133689880371,-0.0929122316725001
C535V,-2.1120243072509766,-0.0521340846467164
C535W,-10.631382942199707,-0.0748834983604228
C535Y,-10.929380416870117,-0.1189221137146474
C585A,-5.949174880981445,-0.1268309029236284
C585D,-10.156211853027344,-0.119733862721611
C585E,-4.128594398498535,0.038890713826431
C585F,-8.339483261108398,-0.13049099411125
C585G,-10.7103853225708,0.145784947741088
C585H,-3.6906511783599854,-0.0526525708765566
C585I,-7.102670669555664,-0.1367737905084552
C585L,-7.161865234375,-0.174134746141394
C585N,-4.664493560791016,-0.0353512207628255
C585P,-8.020275115966797,-0.0425638776955672
C585R,1.7262768745422363,-0.0011814395111218
C585S,-6.54908561706543,-0.1185439251644965
C585T,-7.0203447341918945,-0.0124631994326338
C585V,-7.599710464477539,0.0129657215558619
C585Y,-7.601588249206543,-0.1261178703849583
C589A,-7.256293773651123,0.0693351325045553
C589F,-12.124762535095215,-0.1867904908066335
C589G,-11.83399772644043,0.117590747102491
C589H,-12.54959487915039,-0.4647322777412619
C589I,-15.096101760864258,-0.1339110238546925
C589L,-12.146904945373535,-0.137337500307371
C589N,-10.064460754394531,-0.3839205085412693
C589P,-18.559904098510742,-0.3827100913378803
C589Q,-11.722108840942383,0.496032966075251
C589R,-15.696176528930664,-0.4745142198512603
C589S,-8.916942596435547,-0.0460436228588047
C589T,-12.405351638793945,0.0398187099064762
C589V,-13.127144813537598,-0.252155060930949
C600A,-8.017280578613281,-0.0092200934734508
C600D,-13.03768253326416,-0.471997258581281
C600E,-12.757255554199219,-0.2411622035583255
C600F,-14.838289260864258,-0.2158956215131523
C600G,-10.992681503295898,-0.2274807100621411
C600H,-14.388347625732422,-0.4609096815366147
C600I,-19.140670776367188,0.0099243322210441
C600K,-14.744254112243652,-0.457876426322432
C600L,-13.68320083618164,-0.0536880119705953
C600M,-10.773884773254395,-0.0412959738699875
C600N,-10.665486335754395,-0.0776955862421205
C600P,-16.27666664123535,-0.5383171748852987
C600Q,-11.55264949798584,-0.1366625142782121
C600R,-15.169708251953125,-0.5166763894327681
C600S,-9.10326862335205,-0.00712338357377
C600T,-12.65781021118164,0.0365732067054372
C600V,-17.054401397705078,-0.0905133116958188
C600W,-17.509525299072266,-0.4186715053184935
C600Y,-14.474761009216309,-0.3940847496809199
D352G,-6.78695821762085,-0.1085417995029666
D352N,-4.5551629066467285,-0.0751167425548133
D352V,-8.600945472717285,-0.1192585164219999
D352Y,-4.893119812011719,-0.2300225822125
D401A,-7.424121379852295,-0.0600481965346332
D401C,-7.495388984680176,-0.163901435355
D401F,-8.8663911819458,-0.179695702539
D401G,-9.941797256469727,-0.0843307380833
D401H,-8.439515113830566,-0.1260512124683333
D401I,-7.085760593414307,-0.191877552271
D401L,-8.357194900512695,-0.1904578046043333
D401N,-3.015695571899414,-0.1531228552216333
D401P,-12.49783706665039,-0.0856850959534999
D401R,-8.038278579711914,-0.153682270174
D401S,-5.0431437492370605,-0.1001632266283999
D401T,-6.752449035644531,-0.0980638064354832
D401V,-6.910693645477295,-0.194878486438
D401Y,-8.495567321777344,-0.1248607033481
D406A,-1.8201732635498047,-0.01348432959264
D406C,-8.046209335327148,-0.0882320311295666
D406E,-1.9969651699066162,-0.0687621181008
D406F,-7.449881553649902,-0.0603232643549666
D406G,-6.520965099334717,-0.0680626941244666
D406H,-5.957419395446777,-0.0753715564956333
D406I,-5.689214706420898,-0.0605108582334333
D406K,-2.5702013969421387,0.0368649052931
D406L,-4.515935897827148,-0.0675301015145333
D406M,-5.264589786529541,-0.068161662
D406N,-3.7489564418792725,-0.0748110350924999
D406P,-8.92401123046875,-0.0839359534649499
D406Q,-3.152336597442627,-0.0637584598769666
D406R,-3.8184969425201416,-0.04097050432415
D406S,-2.913062572479248,-0.1113688822949333
D406T,-4.473198890686035,-0.0399409241226166
D406V,-5.224786758422852,-0.0929897744057333
D406Y,-7.240725517272949,-0.0562434262236333
D419A,-8.355965614318848,-0.0194586923223883
D419C,-6.2949910163879395,-0.0300322336801333
D419E,-3.8975558280944824,-0.062940019168195
D419F,-7.53432035446167,-0.0712027121881666
D419G,-11.174614906311035,0.0420994033844166
D419H,-7.367439270019531,0.0321872209782
D419I,-6.11313533782959,-0.0879262453013666
D419K,-5.403559684753418,-0.0245887648444
D419L,-6.852700710296631,-0.0708765154031666
D419M,-7.384520053863525,-0.0340580727723333
D419N,-2.74786639213562,0.0351974949818033
D419P,-11.552525520324707,-0.0536861695931499
D419Q,-6.052371978759766,-0.0150467436283
D419R,-5.509760856628418,0.0395981023187488
D419S,-6.2992448806762695,0.0017793441223422
D419T,-6.7397847175598145,-0.0345213400475832
D419V,-5.859154224395752,-0.043572657224445
D419W,-6.817336082458496,-0.0260049839587999
D419Y,-6.3623223304748535,-0.0499330508577
D456A,-6.170475959777832,0.0055557776857942
D456C,-10.917771339416504,-0.0160558430211148
D456E,-4.543964385986328,0.041823155615577
D456F,-8.848344802856445,-0.0109810729202735
D456G,-6.7919511795043945,0.0330481699613065
D456H,-6.467904567718506,0.0297954954752948
D456I,-11.631576538085938,-0.0880985353380216
D456K,-6.342615127563477,0.084646592070072
D456L,-8.594585418701172,-0.124961685040133
D456M,-9.087318420410156,0.0231523622957012
D456N,-4.892396450042725,0.0250280098008972
D456P,-10.975456237792969,0.0077147982315735
D456Q,-6.188140869140625,-0.0176574775940567
D456R,-7.7159929275512695,0.0662424433860276
D456S,-4.494668483734131,0.0303695556091229
D456T,-6.015205383300781,0.0265908728911771
D456V,-11.103086471557617,-0.0239166372505919
D456W,-9.108355522155762,0.156624978093985
D456Y,-8.926536560058594,-0.0065434186614306
D486A,-8.136963844299316,-0.4171493268806489
D486G,-9.724406242370605,-0.1316830392518785
D486H,-7.853970527648926,-0.4456174393041113
D486K,-8.417698860168457,-0.2629314451704235
D486L,-7.764667987823486,-0.4918072476581034
D486N,-7.1002607345581055,-0.341223770004647
D486P,-13.478544235229492,-0.4694407838225047
D486R,-7.508949279785156,-0.3034224726949995
D486S,-7.430418968200684,-0.4485244545880847
D486T,-8.33998966217041,-0.4986519895479979
D486V,-8.29301643371582,-0.2976841109102839
D486Y,-8.941324234008789,-0.228558891617432
D504A,-11.63946533203125,-0.460216813671955
D504C,-11.755914688110352,-0.4549262849584707
D504E,-9.331762313842773,-0.4271598619185159
D504F,-10.673205375671387,-0.476666081185597
D504G,-14.555152893066406,-0.4155498179193578
D504H,-10.279584884643555,-0.4588415258652629
D504I,-11.432991027832031,-0.4822755009178197
D504K,-7.0123796463012695,-0.454829291306873
D504L,-10.189962387084961,-0.4594363224111243
D504M,-10.434477806091309,-0.4955189409594283
D504N,-6.703545570373535,-0.4609028563669963
D504P,-17.967670440673828,-0.4640203099331795
D504Q,-9.558674812316895,-0.4681604314958119
D504R,-10.63779354095459,-0.453297318225041
D504S,-10.6666259765625,-0.4619773970596596
D504T,-11.44811725616455,-0.444118163830753
D504V,-11.490789413452148,-0.4977000667992308
D504W,-9.332777976989746,-0.3941285351663713
D504Y,-11.19441032409668,-0.447074682197258
D514A,-4.461059093475342,0.0330298299650524
D514C,-7.275097370147705,0.0916541181689531
D514E,-4.115957736968994,0.0484813635976178
D514F,-6.084854602813721,0.0137370995700769
D514G,-6.153263092041016,0.0287968923175019
D514H,-5.764524459838867,0.0595700251198372
D514I,-5.032968044281006,-0.0389162193863096
D514K,-3.2655842304229736,0.108563851610569
D514L,-4.991463661193848,-0.0055650841257005
D514M,-6.4604339599609375,0.0285501716023132
D514N,-3.803696870803833,0.0379412856636929
D514P,-7.150846481323242,0.0768272361558725
D514Q,-5.078060150146484,0.0549444994438674
D514R,-5.5625691413879395,0.0613411786950668
D514S,-4.404292106628418,0.0515407948822983
D514T,-5.014582633972168,0.0538566784924559
D514V,-5.155951499938965,0.0284936951323164
D514W,-8.207477569580078,-0.0039129715155248
D514Y,-5.963891506195068,0.0171714317672207
D515A,-4.058075904846191,0.0665820326181683
D515C,-7.592528343200684,0.0587037978522556
D515E,-3.233213424682617,0.0260816885877293
D515F,-6.273626327514648,0.0040351401674154
D515G,-5.818202018737793,0.0439860124897321
D515H,-5.922181129455566,0.0255971401679593
D515I,-5.747544288635254,0.0468352911642836
D515K,-3.1948904991149902,0.0313313806546463
D515L,-5.546262264251709,-0.0175211199861583
D515M,-6.288767337799072,0.0778535738563841
D515N,-3.29815673828125,0.0477018499732833
D515P,-2.2447776794433594,0.049346457705765
D515Q,-4.819523334503174,0.127460912397315
D515R,-4.9455790519714355,0.060987567730734
D515S,-3.432371139526367,0.0232738062401144
D515T,-3.7202842235565186,0.0773421997848334
D515V,-5.346065521240234,0.043862191573293
D515W,-7.383411407470703,0.0506602206672639
D515Y,-6.179717540740967,0.0384808671525708
D546A,-18.785709381103516,-0.594979220480194
D546C,-15.511001586914062,-0.482762754881237
D546E,-10.909676551818848,-0.031611514364882
D546F,-19.775598526000977,-0.6019307756354874
D546G,-18.011566162109375,-0.6461093836065047
D546H,-18.18288803100586,-0.6086720084670066
D546I,-17.63921356201172,-0.6312592935787044
D546L,-16.030635833740234,-0.5670000976097377
D546M,-18.620712280273438,-0.3062333304299963
D546N,-13.040340423583984,-0.5897238837387168
D546P,-23.318035125732422,-0.6135817122605077
D546Q,-16.852399826049805,-0.5036752789690744
D546R,-17.15349769592285,-0.5441697660559338
D546S,-16.44285774230957,-0.6010688420479338
D546T,-16.762929916381836,-0.6068806334137997
D546V,-15.672300338745117,-0.6138642043984625
D546Y,-18.267045974731445,-0.564902296754903
D599A,-2.268643856048584,-0.0452255096621016
D599C,-6.421844482421875,-0.0411577456560851
D599E,-1.4259252548217773,0.0252067861170832
D599F,-5.966480255126953,0.0096833746412643
D599G,-7.095259666442871,-0.0438749733423558
D599H,-5.027271747589111,0.0074503313522208
D599I,-2.5980825424194336,-0.0072083639462123
D599K,-2.9566638469696045,-0.0571750000859512
D599L,-1.4852335453033447,-0.057275558997629
D599M,-2.9858133792877197,-0.0459465289365717
D599N,-4.5754923820495605,0.0111115457475451
D599P,-8.854726791381836,-0.3093809541029766
D599Q,-1.411790370941162,-0.0400910133180824
D599R,-2.269862413406372,0.0120015484385537
D599S,-2.8540124893188477,0.0050519148410213
D599T,-2.5326521396636963,-0.0072427815647281
D599V,-3.5185084342956543,-0.0358085463510119
D599W,-6.607259273529053,-0.0128471416439452
D599Y,-6.536581993103027,0.0162427705920305
D606A,-4.425050735473633,0.0246728055035738
D606C,-10.289488792419434,-0.0006344484351153
D606E,-3.523822784423828,-0.1767174811965285
D606F,-7.249844551086426,0.0226809174605715
D606G,-6.78447961807251,-0.0262541110424194
D606H,-7.126745700836182,0.019377594661109
D606I,-7.581614017486572,0.0047566432606577
D606K,-5.0063371658325195,0.0380998932027947
D606L,-7.172224044799805,0.0291629350760981
D606M,-6.988039970397949,-0.0034645155068677
D606N,-5.526014804840088,0.0255562766278206
D606P,-11.8069486618042,0.0232112099481504
D606Q,-5.6564412117004395,-0.0131459844643413
D606R,-5.902314186096191,0.054103048642019
D606S,-4.992485046386719,0.0300723071695319
D606T,-5.706331253051758,0.0395015042520718
D606V,-6.628608226776123,0.000369399564862
D606W,-7.493844032287598,0.0545556538831246
D606Y,-7.343533515930176,-0.0521251697733169
D607A,-5.03584623336792,-0.0151424223945817
D607C,-9.802387237548828,-0.0164973639279355
D607E,-2.4795475006103516,-0.0932106729528852
D607F,-8.472335815429688,-0.0192386234949404
D607G,-8.974184036254883,0.0107001023468353
D607H,-7.8180036544799805,0.0146939496651869
D607I,-9.033801078796387,0.0542058387446663
D607K,-4.387802600860596,0.0527034907741174
D607L,-5.037786960601807,-0.0110427612915311
D607M,-7.515934467315674,0.0437277944111438
D607N,-6.015077590942383,0.0379527427657942
D607P,-13.412862777709961,-0.0424552008941875
D607Q,-5.040695667266846,0.112784687638162
D607R,-6.502152919769287,-0.0276785190679139
D607S,-6.246335029602051,0.0107675094818749
D607T,-7.161911964416504,0.0141294521380596
D607V,-8.816211700439453,0.0176523560452551
D607Y,-8.268126487731934,0.0202474510325234
D620A,-3.784123659133911,0.0616193126362807
D620C,-7.715928554534912,0.0413154490695623
D620E,-3.8440163135528564,0.1486425730805116
D620F,-8.979290008544922,0.0812368463185741
D620G,-5.724940776824951,-0.0172745795275394
D620H,-7.195393085479736,0.0441207135831153
D620I,-8.048501968383789,0.0327947370674946
D620K,-5.749719619750977,0.183032769848297
D620L,-6.1023478507995605,0.0725145355091457
D620M,-6.86331033706665,0.1419115963788415
D620N,-2.8494739532470703,-0.0989351365908413
D620P,-11.361149787902832,-0.0777633607076401
D620Q,-4.224071502685547,0.1039837017381156
D620R,-4.614088535308838,0.1524802179445938
D620S,-3.274306058883667,0.070955820707731
D620T,-5.878019332885742,0.0626846336114237
D620V,-8.585189819335938,0.0452099806542596
D620W,-9.981781005859375,0.130179874410511
D620Y,-8.272696495056152,0.0269951683724333
D624E,-3.585326671600342,-0.2210964010766262
E360A,-6.1005072593688965,-0.0981490796206999
E360C,-9.214046478271484,-0.106803322263
E360D,-3.879821300506592,0.0134894887284666
E360F,-8.103355407714844,-0.158481153055
E360G,-5.688594818115234,-0.186211495001
E360H,-6.996062278747559,-0.0264637468983333
E360I,-7.850110054016113,-0.266870983747
E360K,-4.882874488830566,0.055340524513
E360L,-7.75278377532959,-0.2441815948923333
E360M,-8.653205871582031,-0.213680199849
E360N,-4.531421661376953,-0.1344983017487333
E360P,-11.235745429992676,-0.1246599681211666
E360Q,-5.950570106506348,-0.0250650828933
E360R,-5.8280463218688965,-0.0615542284401777
E360S,-2.95780611038208,-0.0747562912834055
E360T,-5.186702728271484,-0.0229955631812333
E360V,-7.927431106567383,-0.163187581219
E360Y,-8.06163215637207,-0.1439378730883333
E365A,-4.6912617683410645,-0.0534179094673833
E365C,-7.962029933929443,-0.0076266405553366
E365D,-3.900906562805176,-0.071836852595
E365F,-5.824201583862305,-0.0305955341066333
E365G,-11.844335556030273,-0.0818906640720666
E365H,-6.821749687194824,-0.0570289950075666
E365I,-10.019330978393555,-0.0489635337189333
E365K,-7.582222938537598,-0.0177712893847999
E365L,-7.227903842926025,-0.0322373487905777
E365M,-5.924738883972168,-0.0217334658017666
E365N,-6.841650009155273,-0.097318104586
E365P,-12.817537307739258,-0.1747339030229999
E365Q,-6.557906627655029,-0.0227690783842
E365R,-9.250360488891602,-0.104305195665011
E365S,-6.472715854644775,-0.0267254315390777
E365T,-7.554645538330078,-0.0230086324451666
E365V,-8.398637771606445,-0.0563795313833999
E365Y,-5.211923599243164,-0.0670372170766666
E366A,-6.211122512817383,-0.0161173452657833
E366C,-11.298870086669922,-0.0600101571394999
E366D,-4.928563117980957,-0.0489160527957333
E366F,-9.104997634887695,-0.06075088696396
E366G,-9.552947998046875,-0.1149500278477666
E366H,-7.664994716644287,-0.0527891168651666
E366I,-8.224139213562012,-0.0833943813056666
E366K,-5.506105422973633,-0.0353900091125
E366L,-8.748175621032715,-0.0886996386548888
E366M,-9.584464073181152,-0.1502513913115
E366N,-6.457649230957031,-0.0545832523256333
E366P,-7.606820106506348,-0.0061928312243083
E366Q,-6.527832984924316,-0.0029165443547333
E366R,-7.357457160949707,-0.0948499294444999
E366S,-6.891254425048828,-0.0210625881491855
E366T,-7.346724510192871,-0.0667432350959166
E366V,-7.759964942932129,-0.0486588986445385
E366W,-9.954201698303223,0.109862760896
E366Y,-9.119004249572754,-0.0513063929221333
E368A,-3.877026081085205,-0.0993953550299999
E368C,-7.272703647613525,-0.0196208276747333
E368D,-4.7561445236206055,-0.0212980468495666
E368F,-8.678388595581055,0.0461107598110233
E368G,-11.063227653503418,-0.0171278488764666
E368H,-8.274635314941406,-0.0337261467207333
E368I,-7.050131320953369,-0.02630818032928
E368K,-4.679300785064697,-0.0656228015584333
E368L,-5.750823497772217,-0.0089161374427
E368M,-7.698908805847168,0.0238032249031333
E368N,-4.371269226074219,-0.0449896469093433
E368P,-9.78268051147461,-0.0584531709028999
E368Q,-6.031492710113525,-0.0327345967765333
E368R,-6.083376884460449,-0.0667323841058888
E368S,-3.130108118057251,-0.0695871251385499
E368T,-4.592756271362305,-0.01994475526765
E368V,-4.691521167755127,0.0097495742971499
E368W,-9.884347915649414,-0.0623488649073666
E368Y,-7.813838005065918,-0.0045984230591333
E388A,-6.212488174438477,-0.0404675231994166
E388C,-9.319721221923828,-0.0513859983569999
E388D,-5.186748504638672,0.0408388966228333
E388F,-10.198934555053711,-0.0112364240802933
E388G,-9.731766700744629,-0.0481120399442333
E388H,-8.321982383728027,-0.0070382606299066
E388I,-10.745071411132812,-0.0722956413864
E388K,-6.020698070526123,-0.0462113846381
E388L,-9.102433204650879,-0.0136995383114832
E388M,-6.721850395202637,0.0260471296715
E388N,-5.465428352355957,0.0097782202163033
E388P,-12.384443283081055,-0.12042962023605
E388Q,-5.304324150085449,0.0108974400009333
E388R,-6.416195392608643,0.0069122989628833
E388S,-3.9097275733947754,-0.0591074713170866
E388T,-6.7078633308410645,-0.0144772917795416
E388V,-9.87515640258789,-0.0418134167077333
E388Y,-9.151738166809082,-0.1016216337825
E399A,-4.445317268371582,-0.0888711133735999
E399C,-4.144906044006348,-0.0696022173103666
E399D,-4.916648864746094,-0.0207809989015966
E399F,-3.790658712387085,-0.1935031358753333
E399G,-8.692659378051758,-0.0164393695031833
E399H,-4.526269912719727,-0.0313908055555666
E399I,-4.829677104949951,-0.2065880386023333
E399K,-4.8975725173950195,-0.0714152418672666
E399L,-4.442061424255371,-0.1689560789807777
E399M,-4.655730247497559,-0.1535797498973333
E399N,-4.144955158233643,-0.0688930398721666
E399P,-2.9583983421325684,-0.0558584311121665
E399Q,-2.744537591934204,-0.0154359900957433
E399R,-5.686160087585449,-0.0210480821266333
E399S,-4.7956223487854,-0.0229686580006499
E399T,-4.527688503265381,-0.0478565536279
E399V,-2.975349187850952,-0.1280624552641166
E399W,-5.220536708831787,-0.0284538601168166
E399Y,-4.253233432769775,-0.0760301759121
E407A,-2.1423983573913574,-0.0552476184776166
E407C,-6.5407915115356445,-0.170920031449
E407D,-3.930135488510132,-0.0836558259839033
E407F,-7.210862159729004,-0.132757856116
E407G,-6.491255760192871,0.0877620355061
E407H,-5.4451093673706055,-0.0514930600857
E407I,-4.073349952697754,-0.1296665144233333
E407K,-1.32159423828125,-0.073814830133
E407L,-2.415771007537842,-0.0552541086722166
E407N,-3.2493739128112793,-0.1260688193512666
E407P,-9.81300163269043,-0.0841976292585999
E407Q,-3.1178886890411377,0.0417601197259666
E407R,-0.9881305694580078,-0.1407829215028332
E407S,-3.029280185699463,-0.0799024028116222
E407T,-4.247293472290039,-0.0305017762150832
E407V,-4.810921669006348,0.0105097655824
E407Y,-6.487157821655273,-0.1714324779551666
E411A,-6.893385410308838,-0.6301915084334166
E411C,-7.055418968200684,-0.630171952123
E411D,-6.496939659118652,-0.5434310770443334
E411F,-5.753225326538086,-0.7205569601076666
E411G,-8.526439666748047,-0.4741194766465
E411H,-6.8812479972839355,-0.6550438958346666
E411I,-2.6098427772521973,-0.7261633137466666
E411K,-6.098230361938477,-0.2643784991633333
E411L,-2.153580665588379,-0.7116782436966667
E411N,-6.3857035636901855,-0.6675878965633334
E411P,-11.453673362731934,-0.6544082862116667
E411Q,-4.086667060852051,-0.5666543375253333
E411R,-5.890810966491699,-0.6285645445650834
E411S,-7.092853546142578,-0.6881126957278889
E411T,-3.8656105995178223,-0.6078037392305
E411V,-3.125210762023926,-0.4798755854087499
E411Y,-5.929483890533447,-0.6545648756543333
E413A,-3.640005588531494,-0.0947201259788666
E413C,-7.594078540802002,-0.0797585030949666
E413D,-4.416221618652344,-0.0588980195471
E413F,-5.405457973480225,-0.123248776602
E413G,-6.635140895843506,-0.1281128114215499
E413H,-4.474898338317871,-0.1178864400413333
E413I,-7.310805320739746,-0.0820136663126033
E413K,-3.458322525024414,-0.1947017389466333
E413L,-5.826522350311279,-0.1036774943249421
E413M,-6.449416637420654,-0.00135773307567
E413N,-4.685192108154297,0.03490843417589
E413P,-9.230709075927734,-0.6695128675818333
E413Q,-4.891190052032471,-0.0857058569485333
E413R,-4.472607612609863,-0.03080473725141
E413S,-3.90620493888855,-0.0391800593007666
E413T,-3.9056475162506104,-0.0770151817440699
E413V,-7.486118316650391,-0.1461944480586333
E413W,-6.833765029907227,-0.0878913037205
E413Y,-4.64771032333374,-0.1500593667199999
E431A,-6.499907970428467,-0.1061681821731166
E431C,-7.978438854217529,-0.1094833700178333
E431D,-4.824089050292969,-0.0828854618219666
E431F,-7.7837419509887695,-0.2863869222743333
E431G,-9.920413970947266,-0.1223488968556616
E431H,-7.621367931365967,-0.0934586113517666
E431I,-4.722336769104004,-0.1341042111176666
E431K,-4.860503196716309,-0.0721236167418333
E431L,-5.2398529052734375,-0.1604352091572222
E431M,-6.454014301300049,-0.1426383940313
E431N,-6.252275466918945,-0.0581766956930333
E431P,-7.217310428619385,-0.0797805600056499
E431Q,-5.455264091491699,-0.05774095464625
E431R,-5.347399711608887,-0.0949915988298555
E431S,-5.765738487243652,-0.1109337814026666
E431T,-5.623711109161377,-0.2402190336349999
E431V,-5.191450119018555,-0.1159764401437
E431W,-9.131593704223633,-0.180171850467
E431Y,-6.861666202545166,-0.1090379799133333
E433A,-6.109854698181152,-0.0912686132547999
E433C,-10.192355155944824,-0.1225745536115666
E433D,-2.4943690299987793,-0.06277264535
E433F,-7.344653129577637,-0.1461898218943333
E433G,-6.004795074462891,-0.1088515345153833
E433H,-5.518867492675781,-0.0723818589059666
E433I,-9.276336669921875,-0.0420596671218233
E433K,-5.279868125915527,-0.0350356259425
E433L,-8.35422134399414,-0.0803751809156444
E433M,-8.570738792419434,-0.1183229293606666
E433N,-5.090783596038818,-0.0750512374869333
E433P,-7.161674976348877,-0.0499976686320499
E433Q,-6.413556098937988,-0.0763833407001333
E433R,-6.298663139343262,-0.0440740221406221
E433S,-4.437813758850098,-0.0637687514365888
E433T,-6.349747657775879,-0.0658706245437833
E433V,-8.827630996704102,-0.0543712371386999
E433W,-8.533540725708008,-0.1182700213363666
E433Y,-7.299474716186523,-0.1073672281079999
E440A,-7.436352252960205,-0.1193462560643753
E440C,-14.944086074829102,-0.0892542745145449
E440D,-6.158503532409668,-0.1031294035358373
E440F,-10.511266708374023,-0.2848608029254947
E440G,-12.108573913574219,-0.0487715929975166
E440H,-8.361894607543945,-0.0175542523284702
E440I,-13.70385456085205,-0.3527376565848148
E440K,-11.302197456359863,0.097502409747766
E440L,-12.55215072631836,-0.2576937765061974
E440M,-8.724773406982422,-0.1256993101337847
E440N,-9.194097518920898,-0.036644422639385
E440P,-15.75041389465332,-0.0146091160094191
E440Q,-5.887937068939209,-0.0510842999314897
E440R,-10.724231719970703,0.027357406427315
E440S,-9.514012336730957,-0.058412227866889
E440T,-10.206819534301758,-0.1307462774829876
E440V,-11.145145416259766,-0.2741353006796621
E440W,-7.753871440887451,-0.1860143677894279
E440Y,-8.456406593322754,-0.1539039903003851
E461A,-4.62899112701416,0.0316887163729324
E461C,-9.362605094909668,0.0109408395952049
E461D,-5.366391181945801,-0.0109716448654244
E461F,-7.643521308898926,0.0241429404483284
E461G,-5.80847692489624,0.0024958211293979
E461H,-5.803627014160156,0.0565408808005832
E461I,-6.261222839355469,0.0023843331159345
E461K,-3.992105484008789,0.0517509622030773
E461L,-4.307446479797363,0.0107566956997939
E461M,-6.753812313079834,0.0393732711139278
E461N,-4.693338871002197,0.0445582147419698
E461P,-10.768675804138184,0.0356217592442937
E461Q,-3.8393912315368652,0.0203843967011721
E461R,-5.305143356323242,0.0715174462357276
E461S,-4.93871545791626,0.0397472204200771
E461T,-4.678797245025635,0.0181671580422613
E461V,-6.114595890045166,-0.0023328129651621
E461W,-9.609193801879883,-0.0003407278386466
E461Y,-7.412492752075195,0.0452566889990113
E465G,-5.159795761108398,-0.0513697232626704
E465K,-7.299290657043457,-0.12983046627185
E465V,-9.886924743652344,-0.0744093041860819
E478A,-6.4357404708862305,-0.0043383244767397
E478C,-9.900115013122559,0.0126105735077831
E478D,-5.0506391525268555,-0.0568105790062874
E478F,-8.106855392456055,-0.014716217098769
E478G,-10.263166427612305,-0.0631883267207718
E478H,-7.619138717651367,-0.0445582322708321
E478I,-14.104887008666992,-0.147632571066266
E478K,-9.592670440673828,-0.0611022511618011
E478L,-10.007378578186035,-0.0498802033120621
E478M,-7.081263542175293,-0.0503012750089861
E478N,-6.089262008666992,0.0221151343916004
E478P,-15.077606201171875,-0.4380376293919626
E478Q,-4.059724807739258,-0.024423633129751
E478R,-7.473555088043213,-0.0173794726572196
E478S,-6.922093391418457,0.0198480460268989
E478T,-7.035326957702637,0.0117481466394872
E478V,-11.58871078491211,-0.1133403204322743
E478W,-8.517603874206543,-0.132181815128878
E478Y,-6.950470447540283,0.0157060610381573
E479A,-4.936221122741699,0.0112737484066569
E479C,-9.368765830993652,0.0441777877769887
E479D,-4.114489555358887,0.0159794988324298
E479F,-9.600313186645508,0.0483904052300054
E479G,-8.05174446105957,0.0874544163846491
E479H,-8.78593921661377,0.0128801551355478
E479I,-8.688014030456543,-0.0194727733812171
E479K,-5.947816848754883,0.0007041675014431
E479L,-6.505682468414307,0.0587459668464075
E479M,-6.11319637298584,0.074393843732835
E479N,-5.378093719482422,0.0095994577197584
E479P,-13.834458351135254,-0.1483394112631636
E479Q,-4.074224948883057,-0.0160134030851723
E479R,-6.771098613739014,0.0332101762812986
E479S,-3.8703994750976562,-0.0044003941949438
E479T,-7.070743560791016,-0.055225562558856
E479V,-9.83773422241211,-0.0394463281169621
E479Y,-9.048694610595703,-0.0159354987255512
E534A,-13.540855407714844,-0.4358379409137345
E534C,-15.312169075012207,-0.4411063126634643
E534D,-8.94097900390625,-0.1670176194671906
E534F,-11.723366737365723,-0.5057977616867093
E534G,-11.450212478637695,-0.4203271880131771
E534H,-11.764440536499023,-0.4823270733219626
E534I,-12.988706588745117,-0.4776923387698946
E534K,-14.654562950134277,-0.4786073569288526
E534L,-12.259649276733398,-0.4834665391073273
E534M,-12.264029502868652,-0.4919578796126806
E534N,-10.441783905029297,-0.4638642752172886
E534P,-18.899463653564453,-0.4751635982522686
E534Q,-10.860499382019043,-0.338908323850375
E534R,-13.37286376953125,-0.4561948143123163
E534S,-10.981595039367676,-0.1340803812642023
E534T,-11.153135299682617,-0.4395274843322243
E534V,-13.607084274291992,-0.5231646585444545
E534W,-11.568245887756348,-0.4045286697152963
E534Y,-12.138191223144531,-0.503715030364791
E556A,-11.959452629089355,-0.5588782553508506
E556D,-11.012496948242188,-0.550592246016651
E556G,-13.403056144714355,-0.3404376085425086
E556H,-15.353340148925781,-0.7210229356608654
E556I,-12.068807601928711,-0.574562320617583
E556K,-14.226917266845703,-0.2533555041308034
E556L,-13.888189315795898,-0.5351660716425695
E556N,-13.79651927947998,-0.647454973436778
E556P,-17.473875045776367,-0.6496661897048565
E556Q,-9.303418159484863,-0.119188471310682
E556R,-16.211729049682617,-0.6251542602318383
E556S,-10.826314926147461,-0.4994094199185478
E556T,-12.70715618133545,-0.2462548772481231
E556V,-11.879085540771484,0.031157662246775
E572A,-8.214143753051758,-0.023677371522497
E572C,-13.647541046142578,-0.0663039193443103
E572D,-5.4855756759643555,-0.0313879535413937
E572F,-11.374858856201172,-0.1322324967633026
E572G,-13.168485641479492,-0.1137135330400582
E572H,-8.731584548950195,-0.0227998587547295
E572I,-12.135104179382324,-0.1230632035922082
E572K,-7.330656051635742,-0.1516784440212122
E572L,-11.222172737121582,-0.057940221457833
E572M,-9.056768417358398,-0.0684156686352
E572N,-9.36498737335205,-0.0595439488917939
E572P,-15.776474952697754,-0.1626103448681508
E572Q,-4.8228759765625,-0.0727206178017402
E572R,-9.658478736877441,0.0134449756024587
E572S,-9.478863716125488,-0.0668936300316208
E572T,-9.927457809448242,-0.045875108333656
E572V,-11.487516403198242,-0.1383975284208654
E572W,-11.551596641540527,-0.1348947401263681
E572Y,-11.150533676147461,-0.0621816150303178
E578A,-6.571073532104492,-0.023040742960161
E578C,-8.586329460144043,-0.0368375001801259
E578D,-7.014917373657227,-0.0429128803384279
E578F,-9.728160858154297,-0.0856227811942444
E578G,-11.827205657958984,-0.0202226483051244
E578H,-7.27048921585083,-0.0419983924351838
E578I,-8.738824844360352,-0.0700004547832236
E578K,-4.170945644378662,0.1771155597187377
E578L,-6.607874870300293,-0.1085738637747428
E578M,-5.916337966918945,-0.0618827455674871
E578N,-5.5075364112854,0.0066282523136919
E578P,-14.769890785217285,-0.3278062404138354
E578Q,-3.7023792266845703,0.0050101244746335
E578R,-5.195398330688477,0.044544459616303
E578S,-6.095759391784668,-0.0341390715372159
E578T,-7.095694541931152,-0.0388953255390549
E578V,-8.817373275756836,-0.0534249462100132
E578W,-10.276752471923828,-0.0699740766091416
E578Y,-8.825796127319336,-0.1079373982114634
E581A,-4.464838981628418,-0.0602581730331098
E581C,-5.370969772338867,-0.0675505461170468
E581D,-4.620359420776367,-0.0381263213429262
E581F,-6.594202041625977,-0.0661998751064858
E581G,-2.5463480949401855,-0.005105005316378
E581H,-4.4051408767700195,-0.0268820260759379
E581K,-2.5309410095214844,-0.1349841579134836
E581L,-5.680173873901367,-0.054163909935409
E581M,-6.1282243728637695,-0.0692825795199405
E581N,-2.3621582984924316,-0.0172432951756411
E581P,-14.800836563110352,-0.1097642866997311
E581Q,-3.664808511734009,-0.0549402107318604
E581R,-4.985475540161133,0.0195034170143551
E581S,-4.756356716156006,-0.0421695236420851
E581T,-8.779916763305664,-0.0837239918160804
E581V,-9.357645034790039,-0.0401118557447358
E581W,-7.378638744354248,-0.0482764975073942
E581Y,-5.953289031982422,-0.0474360742899306
E584A,-3.5693204402923584,-0.0340729472578523
E584C,-8.664379119873047,-0.0510793362442041
E584D,-3.572371006011963,0.001861189371035
E584F,-8.405617713928223,-0.0698108683505805
E584G,-6.655750751495361,-0.0068068281324846
E584H,-7.617733955383301,-0.0437323293281843
E584I,-8.118228912353516,-0.0578974901624093
E584K,-4.7206034660339355,-0.0318562343807772
E584L,-6.896726608276367,-0.0480430381876789
E584M,-7.701215744018555,-0.0324266849878886
E584N,-5.446015357971191,-0.0258931330179809
E584P,-3.9172351360321045,0.0074985044624246
E584Q,-5.877763748168945,-0.0314481090131735
E584R,-6.279551982879639,-0.0461433777064084
E584S,-4.492603302001953,-0.00914145300076
E584T,-6.59659481048584,-0.0225777232504358
E584V,-7.084315299987793,-0.0522375556228558
E584W,-10.67913818359375,-0.1512009385284826
E584Y,-8.895282745361328,-0.0455931384963969
E588A,-4.343175888061523,-0.0137481167578063
E588C,-6.164965629577637,-0.0133520514195312
E588D,0.17400264739990234,0.039441362934433
E588F,-5.9396138191223145,-0.0717036475711389
E588G,-7.50176477432251,0.1400613863969554
E588H,-3.1878550052642822,-0.0159960404883318
E588I,-6.073336601257324,-0.0744808099026233
E588K,-3.556649923324585,0.0135488919680333
E588L,-6.444406032562256,-0.1061915381190862
E588M,-6.0398664474487305,-0.0991384798895378
E588N,-1.4317114353179932,0.03405822543563
E588P,-8.378193855285645,-0.0586182538195096
E588Q,-3.859588861465454,-0.0219100453999083
E588R,-3.5820553302764893,0.0019974917237466
E588S,-2.9796032905578613,-0.040384478952803
E588T,-2.9585843086242676,-0.0151763440985966
E588V,-5.397737503051758,-0.1069373319118784
E588W,-8.390727043151855,0.0058245284575229
E588Y,-6.458127975463867,-0.0344921354632333
E591A,-2.7296996116638184,-0.02193384362065
E591C,-5.599366188049316,-0.0514485616408102
E591D,-4.67304801940918,-0.031549561838017
E591F,-3.646836757659912,-0.0659844907909103
E591G,-6.051368713378906,-0.026705850340551
E591H,-3.0551700592041016,-0.0415778889023891
E591I,-4.81654167175293,-0.0444198594975914
E591K,-0.6687168478965759,-0.0437714607233863
E591L,-3.129425287246704,-0.0235666451715436
E591M,-5.013376712799072,-0.056417575381533
E591N,-5.313776016235352,-0.040573617276325
E591P,-5.908952713012695,-0.0151957325807103
E591Q,-2.8115875720977783,-0.0129227037094162
E591R,-0.9529110789299011,-0.0221626285035614
E591S,-3.5819921493530273,-0.0416223964998652
E591T,-3.184243679046631,-0.0102540396650048
E591V,-3.897775650024414,-0.0534516976106898
E591W,-3.575538158416748,-0.0748998353268417
E591Y,-3.7038369178771973,-0.0235266802561168
E592A,-3.6162965297698975,-0.020219989410235
E592C,-6.5331926345825195,-0.0910938674706217
E592D,-3.278355360031128,-0.0796063880129429
E592F,-5.054863929748535,-0.0729973305091238
E592G,-6.493809700012207,-0.0735008282177425
E592H,-4.423897743225098,-0.0522234633607439
E592I,-6.224214553833008,-0.0551039834144026
E592K,-5.265407562255859,-0.0178085085834007
E592L,-6.831309795379639,-0.0515356020952511
E592M,-7.384777069091797,-0.1209799274101743
E592N,-5.1669721603393555,-0.0430542137527225
E592P,-11.041627883911133,0.0242204387223128
E592Q,-5.3402323722839355,-0.0243128010216455
E592R,-5.725956439971924,-0.0506218447437342
E592S,-3.9433231353759766,-0.0393820942948296
E592T,-5.705368995666504,-0.0313794665540829
E592V,-5.952695846557617,-0.0446581821559224
E592W,-5.175178527832031,-0.1964455872630812
E592Y,-5.5716729164123535,-0.0576977026957305
E595A,-3.776071786880493,0.0270076952308317
E595C,-7.091005802154541,-0.0676306343384053
E595D,-3.630207061767578,-0.0162955968717782
E595G,-7.788229942321777,-0.0661271181261089
E595H,-4.764811038970947,-0.1154085810874712
E595K,-2.602649450302124,-0.1431892072099669
E595L,-3.528256416320801,-0.076063801875268
E595N,-3.4124090671539307,-0.153950577569894
E595P,-10.285221099853516,-0.1911563745824273
E595Q,-2.4884884357452393,-0.119529495656358
E595R,-3.572568893432617,-0.0137718744048577
E595S,-4.310756683349609,-0.136627942916861
E595T,-3.6626687049865723,0.0323093880542763
E595V,-4.554421901702881,-0.010640673205815
E595Y,-6.026329517364502,-0.118616152560731
E615A,-4.299777984619141,0.0383965214873208
E615C,-4.530240058898926,0.0395486474658103
E615D,-4.35134744644165,-0.077490392212129
E615F,-3.587216854095459,-0.0541942633597403
E615G,-6.753324508666992,-0.0743743012106849
E615H,-1.3595623970031738,-0.0134748783890851
E615I,-10.920093536376953,-0.197485964760731
E615K,-6.407709121704102,-0.0838545823611435
E615L,-6.529778480529785,0.0080295577642204
E615M,-7.202159881591797,-0.381249757310406
E615N,-2.1777167320251465,0.009197016152533
E615P,-12.6286039352417,-0.4453195730002017
E615Q,-4.280405044555664,-0.0385456410410835
E615R,-4.814427852630615,-0.1354259420071466
E615S,-4.295125961303711,0.0030989747396269
E615T,-4.114878177642822,0.0118221291349824
E615V,-8.026402473449707,-0.051784417650007
E615W,-4.865910053253174,0.0726664164028997
E615Y,-2.122769594192505,0.0249806635654565
F374A,-6.44114875793457,-0.0446284427527999
F374C,-9.38620376586914,-0.0666513470271666
F374D,-9.503604888916016,-0.152398303164
F374E,-7.442598342895508,-0.0867026550756
F374G,-6.114262104034424,-0.1095768228408833
F374H,-7.904842853546143,-0.0560961453738
F374I,-6.930812835693359,-0.2526221816986667
F374K,-9.675567626953125,-0.1331553301965
F374L,-6.452856063842773,-0.3184437247014444
F374M,-8.14858627319336,-0.0968399304158333
F374N,-8.861830711364746,-0.0998588455555666
F374P,-12.447809219360352,-0.6467400969765
F374Q,-8.319869041442871,0.0462795187737666
F374R,-9.529901504516602,-0.1252936949608822
F374S,-6.625262260437012,0.0184548294095655
F374T,-8.35570240020752,-0.1085693830819333
F374V,-8.137519836425781,-0.1793812322409999
F374W,-6.489856719970703,-0.180043834406
F374Y,-4.712379455566406,-0.0682859591085333
F414A,-1.7745137214660645,-0.1436474713481666
F414C,-4.70649528503418,-0.0962413123866
F414D,-3.5261282920837402,-0.4217852989013333
F414E,-1.540250301361084,-0.3613439360095
F414G,-4.928626537322998,-0.3611810794015
F414H,-2.4579567909240723,-0.1500860316473333
F414I,-0.11150264739990234,-0.0147698942724433
F414K,1.4224196672439575,-0.4208519522895
F414L,0.5402841567993164,-0.0633999178586555
F414M,-1.9591140747070312,-0.0712640749540666
F414N,-1.3797078132629395,-0.0844156190830333
F414P,-8.458073616027832,-0.6267065961111666
F414Q,-1.3905906677246094,-0.212014715839
F414R,1.0635961294174194,-0.3139186579385555
F414S,-2.8275632858276367,-0.2032630712128222
F414T,-1.7615423202514648,-0.1495055267877333
F414V,-0.5498752593994141,-0.0710087265044833
F414W,-4.47244119644165,-0.2947030513083333
F414Y,-2.812614917755127,-0.1078163496196666
F450A,-11.525065422058105,0.0041323568178855
F450C,-12.088971138000488,-0.1216067651154936
F450D,-14.384099006652832,-0.3704978620763779
F450E,-13.864057540893555,-0.1684186835862743
F450G,-14.194944381713867,-0.1135911313431928
F450H,-7.634572982788086,-0.0110550230195423
F450I,-16.0886287689209,-0.085285929031807
F450K,-14.276101112365723,-0.2654855671803431
F450L,-16.64791488647461,-0.0932669820262719
F450M,-12.117729187011719,-0.0461870957997594
F450N,-10.446807861328125,-0.1387054958585695
F450P,-16.334192276000977,-0.4929988134480452
F450Q,-12.86368179321289,-0.1409738827294968
F450R,-14.20348834991455,-0.1301309427540705
F450S,-11.395035743713379,-0.1292756040197069
F450T,-10.176345825195312,-0.098992273875736
F450V,-12.815956115722656,-0.0239238548587549
F450W,-4.471401691436768,0.0062640443588204
F450Y,-2.0294809341430664,-0.0146965462479391
F482A,-6.581585884094238,-0.0039073225345905
F482C,-7.721668720245361,0.079794341062721
F482D,-12.603936195373535,0.0342287883332505
F482E,-9.998730659484863,-0.012243908112464
F482G,-10.967033386230469,-0.0444073274425862
F482H,-6.707521915435791,0.0012397395090469
F482I,-9.026015281677246,0.1161304352013366
F482K,-7.802493095397949,0.0567007713498404
F482L,-8.3101167678833,0.1159748476934991
F482M,-7.480359077453613,0.0705954921694772
F482N,-10.60498046875,0.0274537463130378
F482P,-14.025116920471191,-0.4843455538646994
F482Q,-8.315998077392578,-0.0351067243369419
F482R,-7.571386337280273,0.0498638988453907
F482S,-8.692570686340332,-0.0180676334906941
F482T,-8.879097938537598,0.0187647992246402
F482V,-7.114072322845459,0.0526155241452059
F482W,-7.459978103637695,-0.0328180208081946
F482Y,-3.9765262603759766,0.0196529177680308
F505A,-2.153106212615967,-0.4200777233031555
F505D,-9.125057220458984,-0.5088499656927072
F505G,-5.529428958892822,-0.4785932529932033
F505H,-6.790681838989258,-0.438353724627684
F505I,-7.88578462600708,-0.4233586080088276
F505K,-9.023087501525879,-0.476535119461
F505L,-4.79585599899292,-0.0829863402815499
F505M,-3.7960453033447266,-0.1052821730242093
F505N,-8.732805252075195,-0.3983610680845776
F505R,-9.230694770812988,-0.392871122343629
F505S,-5.429356098175049,-0.3916147305795936
F505T,-7.496042251586914,-0.4684858763211545
F505V,-6.264997482299805,-0.364738884356994
F505Y,-2.800236463546753,-0.3181846549230213
F538C,-6.2632904052734375,-0.2017541387419049
F538I,-7.0347466468811035,0.1328229350140135
F538L,-4.615135192871094,-0.1222528220205281
F538S,-3.3406872749328613,-0.0621464939603838
F538V,-6.381244659423828,-0.130779094540703
F538Y,-2.646139621734619,-0.1126801503724426
F541A,-6.27944278717041,-0.0840606417362705
F541C,-7.1947221755981445,-0.0836888691682766
F541D,-8.53079605102539,-0.3919744424875303
F541E,-8.878159523010254,-0.111976357765912
F541G,-8.432586669921875,-0.2888981208245036
F541H,-6.573375701904297,-0.1173387165662906
F541I,-8.77916431427002,-0.0806820382845727
F541L,-8.562491416931152,-0.2727224520064171
F541M,-8.245506286621094,-0.205158498254725
F541N,-8.887173652648926,-0.154715021170014
F541P,-10.5465669631958,-0.2612861198925629
F541Q,-8.832223892211914,-0.269999123791511
F541R,-10.580001831054688,-0.5161657810652646
F541S,-7.0455098152160645,-0.060337331979308
F541T,-7.885087013244629,-0.0835096239286023
F541V,-7.217568397521973,-0.2353931999884983
F541Y,-3.920949935913086,-0.1735339255231711
F550A,-14.136425018310547,-0.2747769510898036
F550C,-13.697952270507812,-0.162544286664392
F550H,-11.812141418457031,-0.188172750264075
F550I,-15.58071517944336,-0.1303424319421726
F550L,-8.036750793457031,-0.0924542180634372
F550N,-17.05554962158203,-0.361299530356017
F550P,-19.175504684448242,-0.611252299875448
F550S,-16.717552185058594,-0.505374811213119
F550T,-16.062646865844727,-0.4990134532640216
F550V,-16.083656311035156,-0.266878317751656
F550Y,-4.223285675048828,-0.138211708624112
F558A,-16.887807846069336,-0.1334671741834723
F558C,-15.807785034179688,-0.1116766909286388
F558D,-17.97614097595215,-0.6045670244399622
F558G,-17.66847801208496,-0.3947181411279473
F558H,-13.483619689941406,-0.1266332252233826
F558I,-16.054187774658203,-0.0884714944039832
F558K,-20.155044555664062,-0.63537181278228
F558L,-11.188619613647461,-0.1113744903258709
F558M,-14.463747024536133,-0.0506517719612513
F558N,-17.953914642333984,-0.4150969795787696
F558P,-17.814178466796875,-0.6463978245037564
F558Q,-17.991439819335938,-0.3285554885495119
F558R,-21.524473190307617,-0.6291167373064883
F558S,-16.874483108520508,-0.2383170782735922
F558T,-15.70490550994873,-0.0960386016825802
F558V,-15.337085723876953,-0.0999436135076282
F558Y,-7.677736282348633,-0.0836254496184514
F576A,-6.539503574371338,0.015014133612307
F576C,-8.409364700317383,0.006799119278052
F576D,-9.90656852722168,-0.0346895966139081
F576E,-8.27297592163086,-0.0728055894043629
F576G,-11.920315742492676,-0.003716259753613
F576H,-6.095745086669922,0.0296590376172739
F576I,-5.332785606384277,-0.0132809995897573
F576K,-3.944784641265869,0.0435607599430014
F576L,-4.25795841217041,0.0394377402382426
F576M,-3.9228405952453613,0.0242788921213546
F576N,-7.986051082611084,-0.0434453567091076
F576P,-15.184995651245117,-0.0780699867862479
F576Q,-6.510222911834717,0.0240051660775818
F576R,-4.9932475090026855,0.0324987587484072
F576S,-8.427950859069824,-0.0050027958121008
F576T,-6.88884162902832,-0.00689645674866
F576V,-5.944195747375488,-0.0298050668666195
F576W,-2.8677897453308105,-0.02866833130234
F576Y,-2.290529251098633,0.0186868945420521
F611A,-11.029406547546387,0.0823345258768613
F611C,-11.347338676452637,-0.0161643921105996
F611D,-15.668299674987793,-0.564705214137514
F611E,-14.085302352905273,-0.456595840018
F611G,-17.768381118774414,0.0178526102869094
F611H,-9.185742378234863,-0.0201473420925046
F611I,-11.620649337768555,-0.053869678409182
F611K,-9.546411514282227,-0.30362837981
F611L,-7.831360340118408,-0.0965257658053363
F611M,-6.546302318572998,0.0348920696495861
F611N,-13.252317428588867,-0.061327001607002
F611P,-13.607280731201172,0.0462383585097139
F611Q,-10.554410934448242,-0.1078971788812554
F611R,-11.374639511108398,-0.2124167189264161
F611S,-11.252420425415039,0.0848148061252591
F611T,-11.713507652282715,-0.0148820720379353
F611V,-12.23954963684082,-0.0623168429007318
F611W,-10.813220024108887,0.0744290392054195
F611Y,-8.249601364135742,-0.0591778663469195
G367A,-13.456722259521484,-0.0888418368616
G367C,-15.71053695678711,0.0188197431079333
G367D,-14.777800559997559,-0.0636612087218666
G367E,-14.695348739624023,0.005009559190695
G367F,-17.33973503112793,-0.0694264920215333
G367H,-17.82628631591797,-0.0207661379558399
G367I,-17.209007263183594,-0.04252703647848
G367K,-15.124319076538086,0.11394872798213
G367L,-18.009105682373047,-0.0301697797574888
G367M,-17.240646362304688,-0.0604761431949333
G367N,-15.57011890411377,-0.0635998097524
G367P,-18.425371170043945,-0.1026592559208999
G367Q,-17.06943702697754,-0.0362494856633666
G367R,-16.18004035949707,-0.0419040344308933
G367S,-13.619905471801758,-0.0281669203400221
G367T,-16.796463012695312,-0.0308621991767583
G367V,-15.828178405761719,-0.0162543874941443
G367W,-15.341070175170898,-0.190488093
G367Y,-16.303924560546875,-0.0798927850132666
G370A,-9.411456108093262,-0.0521101787583083
G370C,-9.46049690246582,-0.1325693889685666
G370D,-10.969715118408203,-0.01109355696763
G370E,-10.275179862976074,-0.1066130722423333
G370F,-11.104085922241211,-0.209175689584
G370H,-11.391260147094727,-0.284287583063
G370I,-13.97900104522705,-0.2925804846506667
G370K,-9.744340896606445,-0.3964549815606666
G370L,-9.114850044250488,-0.2909311758831667
G370M,-8.862309455871582,-0.2161115897216666
G370N,-8.889172554016113,-0.1498642440473333
G370P,-17.187713623046875,-0.4303808378731666
G370Q,-11.774045944213867,-0.202934034856
G370R,-8.972550392150879,-0.3449798289302221
G370S,-6.925712585449219,-0.0745114935306888
G370T,-10.193483352661133,-0.2854355017091666
G370V,-13.170729637145996,-0.2962859071571666
G370W,-8.972846031188965,-0.2052556199593333
G370Y,-9.696828842163086,-0.260831321761
G372A,-10.92682933807373,-0.4897452463935
G372C,-8.02978515625,-0.447797741533
G372D,-8.98442268371582,-0.573454501026
G372E,-10.631756782531738,-0.1706610973146667
G372F,-11.746601104736328,-0.4953787775095
G372H,-12.956816673278809,-0.609400493184
G372I,-13.55533504486084,-0.542410447285
G372L,-11.64283275604248,-0.4636564767359999
G372N,-9.443925857543945,-0.460984166571
G372P,-16.784055709838867,-0.5918908300681667
G372R,-14.031472206115723,-0.4406372912800555
G372S,-8.382758140563965,-0.4274599023140834
G372T,-10.558706283569336,-0.6176289857906667
G372V,-13.356925010681152,-0.2338278713086666
G372W,-12.659008026123047,-0.176930873938
G372Y,-12.990367889404297,-0.617260951578
G375A,-13.125566482543945,-0.0267865383900966
G375C,-17.561126708984375,-0.1325608670008666
G375D,-15.34521198272705,-0.241034211351
G375F,-20.564821243286133,-0.558895780855
G375H,-20.975400924682617,-0.551398875775
G375I,-17.589250564575195,-0.6333812601186667
G375L,-17.030912399291992,-0.7347672262785
G375N,-19.37723159790039,-0.416244711556
G375P,-16.59096908569336,-0.5994789656648334
G375Q,-18.146711349487305,-0.716402647242
G375R,-17.950788497924805,-0.5530791602686667
G375S,-13.129617691040039,-0.1442851271161555
G375T,-16.25702667236328,-0.5430005491660002
G375V,-16.794466018676758,-0.3646731434826666
G375Y,-20.239084243774414,-0.5248477099459999
G380A,-10.875280380249023,-0.0781973816120499
G380C,-16.745079040527344,-0.1184126467439999
G380D,-17.454111099243164,-0.6204434949943334
G380E,-15.985376358032227,-0.6262371736495
G380F,-22.385356903076172,-0.1386632002356666
G380H,-23.570268630981445,-0.268028674614
G380I,-20.570751190185547,-0.4701022842439999
G380K,-19.22590446472168,-0.5621211044845
G380L,-18.295249938964844,-0.3683797062546666
G380M,-19.217864990234375,-0.1054447117913199
G380N,-20.279409408569336,-0.5100431681550001
G380P,-15.068925857543945,-0.6956029705135001
G380Q,-19.65464973449707,-0.3680029635653333
G380R,-19.36696434020996,-0.3808921109377778
G380S,-14.235118865966797,-0.1921062227939999
G380T,-19.208768844604492,-0.4479041865038332
G380V,-19.03317642211914,-0.2484714972441666
G380W,-20.6237850189209,-0.4002369718774999
G380Y,-22.792482376098633,-0.1015308606966666
G428A,-15.376555442810059,-0.3364992366529999
G428C,-18.10019874572754,-0.3967205132763333
G428D,-18.103404998779297,-0.1068875369823666
G428E,-16.502946853637695,-0.288477668622
G428F,-22.113605499267578,-0.5598735619043334
G428H,-21.961078643798828,-0.4135560212733333
G428I,-21.463918685913086,-0.6118837658753332
G428K,-19.741775512695312,-0.2805816941806666
G428L,-19.655330657958984,-0.6277035664623334
G428M,-20.990232467651367,-0.611138540393
G428N,-18.68163299560547,-0.1486676288586666
G428P,-15.774972915649414,-0.6033702216471667
G428Q,-19.983797073364258,-0.2834362381156667
G428R,-19.956392288208008,-0.270039018754
G428S,-14.561378479003906,-0.2088829489668888
G428T,-19.68230438232422,-0.3871009881698333
G428V,-20.587459564208984,-0.4121981166146666
G428W,-19.79157829284668,-0.600147460427
G428Y,-21.809640884399414,-0.5229373828
G445A,-11.73699951171875,-0.1950703561677777
G445C,-15.24887466430664,-0.1757473411830333
G445D,-11.028993606567383,-0.220148369223
G445E,-11.342521667480469,-0.0783112853871147
G445F,-13.506539344787598,-0.2286617923795
G445H,-13.681439399719238,-0.1960203537318931
G445I,-15.354544639587402,-0.2436687173599722
G445K,-10.5213623046875,-0.170292114088
G445L,-13.290135383605957,-0.1236168823462292
G445M,-13.369354248046875,-0.147826525525
G445N,-12.552145004272461,-0.3537768383373333
G445P,-19.04370880126953,-0.1211026530883017
G445Q,-12.637458801269531,-0.1611241750346666
G445R,-10.6196928024292,-0.1781420938335178
G445S,-11.669986724853516,-0.1717234014587843
G445T,-14.525179862976074,-0.198395795974354
G445V,-14.450927734375,-0.1729852613375739
G445W,-13.351263999938965,-0.1099076609757137
G445Y,-14.150321960449219,-0.2093491783919999
G473A,-8.42473030090332,0.0515137238698837
G473C,-16.373981475830078,0.0009353779198458
G473D,-15.866166114807129,-0.5744891384432814
G473E,-13.56049919128418,-0.086451842552022
G473F,-17.669958114624023,-0.277583919248328
G473H,-19.113142013549805,-0.4521963678483413
G473I,-17.080522537231445,-0.4170316628160293
G473K,-15.243997573852539,-0.384071060499666
G473L,-15.259047508239746,-0.4202997488403925
G473M,-16.691871643066406,-0.4002788261924225
G473N,-18.681001663208008,-0.4350199223965106
G473P,-16.663373947143555,-0.1826228976204738
G473Q,-14.927932739257812,-0.3628983925871529
G473R,-16.399898529052734,-0.3418750934220587
G473S,-13.069231033325195,0.0308108509026878
G473T,-17.490663528442383,-0.0899400246009466
G473V,-16.98142433166504,-0.0966291964434437
G473W,-18.22776222229004,-0.2127866761042923
G473Y,-17.692873001098633,-0.4502073413812402
G506A,-13.11458969116211,-0.2123426906305482
G506C,-15.87739372253418,-0.3467533029438376
G506D,-16.32632064819336,-0.1368342602372833
G506F,-17.528684616088867,-0.3786798485426626
G506H,-17.860397338867188,-0.0759423923040024
G506I,-17.822580337524414,-0.4667348124833959
G506K,-18.024917602539062,-0.4331833260627817
G506L,-16.429405212402344,-0.4590267728009513
G506N,-17.288768768310547,-0.0216664474832341
G506P,-17.397550582885742,-0.4435324768224266
G506Q,-18.26181983947754,-0.1425108735477706
G506R,-16.794445037841797,-0.4509256924901193
G506S,-12.441997528076172,-0.0339100894706278
G506T,-15.399306297302246,-0.1226325555476531
G506V,-17.863832473754883,-0.4713904137523667
G506Y,-17.071819305419922,-0.4517695618697406
G512A,-6.014601707458496,0.0652669934186949
G512C,-7.6897430419921875,0.0718616358686939
G512D,-6.115025520324707,0.128521621658464
G512E,-6.220186233520508,0.0950709545502443
G512F,-6.493006229400635,0.02599924423393
G512H,-7.752246379852295,0.0547738855446692
G512I,-8.251212120056152,0.0607598499755189
G512K,-7.162747859954834,0.0494688544706216
G512L,-6.256495475769043,-0.0002489244487006
G512M,-7.041576862335205,0.003642047012339
G512N,-6.070511817932129,0.092827791654469
G512P,-12.002151489257812,0.1276332020573056
G512Q,-6.998828411102295,0.0349441980755098
G512R,-7.119500160217285,-0.007075990795656
G512S,-4.569022178649902,0.0462517081439227
G512T,-6.111959457397461,0.0803584723485681
G512V,-8.700419425964355,0.0510220043633744
G512W,-8.59727668762207,-0.0372307514597155
G512Y,-7.188470363616943,0.0622583608421332
G524A,-7.815038681030273,-0.0080244894038769
G524C,-10.00769329071045,0.0784823791274376
G524D,-9.265066146850586,0.0339333573472173
G524E,-8.607152938842773,0.069802271093661
G524F,-11.971586227416992,0.0356480167412944
G524H,-12.469013214111328,0.012984047270556
G524I,-8.767281532287598,0.0444949562014496
G524K,-8.02756118774414,0.035391662046789
G524L,-9.825946807861328,0.0069688035617765
G524M,-9.856157302856445,0.0617840217672333
G524N,-9.995929718017578,0.0440760278470399
G524P,-11.430206298828125,-0.0739425781445409
G524Q,-11.268830299377441,0.0744435556763069
G524R,-8.604443550109863,5.635699812600013e-06
G524S,-7.706921100616455,-0.0005896332832898
G524T,-9.681215286254883,6.104556481660063e-05
G524V,-9.226179122924805,-0.0968800387696234
G524W,-9.854244232177734,-0.0917376963292053
G524Y,-10.667259216308594,-0.0373380549878156
G551A,-11.339897155761719,-0.0916398698514583
G551C,-13.950681686401367,-0.2631690438917507
G551D,-14.679450988769531,-0.6508971566163787
G551E,-13.241390228271484,-0.4743901030732769
G551F,-15.834341049194336,-0.6738386775120246
G551H,-16.027360916137695,-0.6621362074025989
G551I,-15.177936553955078,-0.7010301171324193
G551K,-14.55466079711914,-0.51002813956478
G551L,-13.461087226867676,-0.7014632981281987
G551N,-16.710697174072266,-0.5589169244891673
G551P,-16.345998764038086,-0.7017046891046688
G551Q,-15.449918746948242,-0.6351648167193185
G551R,-13.778886795043945,-0.5422777765875174
G551S,-12.533597946166992,-0.1286047078635863
G551T,-15.540276527404785,-0.486189281962043
G551V,-15.993969917297363,-0.5194817175658878
G551W,-14.325220108032227,-0.3959349959111894
G551Y,-15.026202201843262,-0.580033051850706
G561A,-16.29289436340332,-0.055140554233783
G561C,-17.221715927124023,-0.1728599383818226
G561D,-16.058122634887695,-0.1411775563882417
G561E,-15.741779327392578,-0.3835075237740485
G561F,-20.522050857543945,-0.4349622223213876
G561H,-20.16631507873535,-0.2896611810258716
G561I,-17.62714385986328,-0.328211290476132
G561L,-18.67405128479004,-0.5096404072516025
G561M,-19.07855796813965,-0.2662160398234064
G561N,-18.910276412963867,-0.0999749017046548
G561P,-15.00905990600586,-0.3809130052514186
G561Q,-19.525203704833984,-0.3386365342149623
G561R,-18.340627670288086,-0.4966500768281516
G561S,-17.203149795532227,-0.0789152844942861
G561T,-19.02840232849121,-0.2252295842941608
G561V,-17.937238693237305,-0.3393796195810579
G561Y,-20.30828094482422,-0.3431384648445
G567A,-10.350927352905273,0.0086929137755806
G567C,-11.53159236907959,-0.0049690982447274
G567D,-8.956088066101074,-0.0106978659877902
G567E,-10.587343215942383,0.0535006370156368
G567F,-11.518210411071777,-0.0525431285613676
G567H,-9.462631225585938,0.0023263952227636
G567I,-12.771535873413086,-0.048140999182515
G567K,-10.339693069458008,-0.0023186171170558
G567L,-13.498169898986816,-0.0157437884910068
G567M,-12.40560245513916,-0.112326651331924
G567N,-8.410504341125488,0.0193698703542676
G567P,-15.418742179870605,-0.0264192397856335
G567Q,-11.638239860534668,-0.0145582177080536
G567R,-9.797046661376953,-0.0026159012530942
G567S,-7.932215213775635,-0.0506956377108238
G567T,-10.088732719421387,0.0049911619713277
G567V,-12.164106369018555,-0.1107880751809391
G567W,-9.66326904296875,-0.073928584477195
G567Y,-10.998396873474121,-0.018139630993126
G570A,-6.967620849609375,0.0425299199173418
G570C,-8.809178352355957,-0.0765101432152379
G570D,-5.7600603103637695,-0.220411048075053
G570E,-6.032750129699707,-0.2017251989888316
G570F,-10.501619338989258,-0.0504632044167235
G570H,-9.308408737182617,-0.0486919885515221
G570I,-10.472757339477539,0.0380574533497782
G570K,-8.696977615356445,-0.0536718986449595
G570L,-10.084786415100098,-0.0850367062203267
G570M,-10.590632438659668,0.0320067407219859
G570N,-7.972448348999023,0.01979655586278
G570P,-4.07120943069458,0.074771859490711
G570Q,-7.8925557136535645,-0.1288194454328853
G570R,-10.385782241821289,-0.0905659253103574
G570S,-6.542562484741211,0.0416519479744386
G570T,-8.850791931152344,-0.0100693892209289
G570V,-9.179792404174805,-0.1219516501698239
G570W,-7.991086006164551,-0.1824774438102211
G570Y,-10.385961532592773,-0.1664244509027063
G580A,-14.699074745178223,-0.0976010729304772
G580C,-14.204566955566406,-0.1579517399609853
G580D,-14.198720932006836,-0.050238918461831
G580E,-14.518009185791016,-0.1292772772335597
G580F,-15.153412818908691,-0.141425485486343
G580H,-15.414515495300293,-0.0854143419220467
G580I,-14.694747924804688,-0.2639019794659616
G580K,-15.295858383178711,-0.0634954321989492
G580L,-14.632933616638184,-0.1328090843787733
G580M,-14.320942878723145,-0.1284895186471082
G580N,-13.076713562011719,-0.063854545363787
G580P,-17.440654754638672,-0.2754116787884415
G580Q,-15.167109489440918,-0.0025721853875791
G580R,-13.933420181274414,-0.1224064829996647
G580S,-12.291739463806152,-0.1063321433274861
G580T,-13.347380638122559,-0.1181722438111133
G580V,-14.545917510986328,-0.1935648204957205
G580W,-12.381072998046875,-0.3318772929800043
G580Y,-16.096879959106445,-0.1197200040002083
G610A,-8.133975982666016,0.0268352280592604
G610C,-6.8125,0.0003180881338582
G610D,-6.060074329376221,0.1434664260102469
G610E,-7.720205307006836,0.0298495552952165
G610F,-8.51668643951416,-0.0427053861091887
G610H,-6.9872283935546875,0.000668996465947
G610I,-9.374459266662598,-0.0534162234110231
G610K,-6.276902198791504,-0.0432436546171766
G610L,-7.161815643310547,4.922614906932461e-06
G610M,-8.419438362121582,0.1650958623546515
G610N,-2.8152976036071777,0.0901695439299338
G610P,-9.047416687011719,0.0361030090542374
G610Q,-7.279261589050293,-0.0495287881916552
G610R,-5.717144012451172,0.0430482139515584
G610S,-4.479887962341309,0.1154595692660035
G610T,-5.376823425292969,0.0171740913550367
G610V,-9.401065826416016,-0.1497501746698635
G610W,-11.703811645507812,-0.0807729502233168
G610Y,-8.591123580932617,0.0511871928793871
H416A,-4.802242279052734,0.1883271157598333
H416C,-3.744997024536133,0.00492670006783
H416D,-5.586782932281494,0.0412662293143666
H416E,-6.139255523681641,0.138032741444
H416F,-3.9869604110717773,-0.0891076133078
H416G,-5.982109069824219,0.1720635364503666
H416I,-4.669442653656006,-0.163898324146
H416K,-6.305671215057373,-0.0460362305797
H416L,-4.507582187652588,-0.0323962434921316
H416M,-5.3043694496154785,0.0100067838295333
H416N,-3.6328635215759277,0.02216044300543
H416P,-7.378252029418945,-0.2042624476259999
H416Q,-4.218076229095459,-0.01303364329747
H416R,-4.703876495361328,-0.0164553462233433
H416S,-3.310023784637451,0.2863606886535555
H416T,-4.392813205718994,-0.0232311853665166
H416V,-6.777924537658691,-0.0635540460415566
H416Y,-4.922641754150391,-0.0427727854588
H454A,-9.00831413269043,0.0235531948253819
H454C,-8.793890953063965,-0.0012550401016347
H454D,-8.733622550964355,-0.0231951037038043
H454E,-6.718602657318115,-0.0437647976251973
H454F,-4.85959529876709,0.0121361493886159
H454G,-10.96556282043457,0.0330679210689637
H454I,-14.667655944824219,-0.0757923066487556
H454K,-7.1740217208862305,0.0156706163130195
H454L,-9.946606636047363,-0.0308515459759096
H454M,-8.182454109191895,0.0446514087966596
H454N,-1.0652055740356445,0.0052109577546155
H454P,-13.751626014709473,-0.0825562909045913
H454Q,-6.883761882781982,-0.0062439029076933
H454R,-6.8632707595825195,-0.0072370318670504
H454S,-8.03711986541748,0.014569637279164
H454T,-9.297639846801758,-0.009686356339658
H454V,-13.355149269104004,-0.0367460510797324
H454W,-8.996299743652344,0.0157447552286308
H454Y,-4.027287483215332,0.0030389949030527
H468A,-9.84461498260498,0.009522600361799
H468C,-8.57150936126709,-0.0302532574419109
H468D,-10.05126953125,-0.1061112306924147
H468E,-7.059323787689209,-0.084081326035922
H468F,-5.363444805145264,-0.0343367971618252
H468G,-7.892570972442627,0.0008490172716332
H468I,-11.133674621582031,-0.0406574661909552
H468K,-6.816904067993164,-0.010297327819167
H468L,-2.2212533950805664,0.003906677282211
H468M,-7.004990577697754,0.0261295237846761
H468N,-3.9672229290008545,-0.0490982502142311
H468P,-11.84061050415039,-0.4864647257233181
H468Q,-4.965339660644531,0.005319245299799
H468R,-5.057544708251953,-0.0249091856424449
H468S,-7.821968078613281,-0.009399399122363
H468T,-6.319081783294678,-0.0125819519277166
H468V,-9.342096328735352,-0.0413849672488684
H468Y,-5.312357425689697,0.0697854505800276
H484A,-16.93916893005371,-0.4561949867032913
H484C,-14.279221534729004,-0.412979886730776
H484D,-14.330294609069824,-0.363163556093202
H484E,-15.070480346679688,-0.3826388871355339
H484F,-14.583763122558594,-0.2735932891159789
H484G,-17.588199615478516,-0.410803277292859
H484I,-15.653193473815918,-0.3922835757558107
H484K,-15.775165557861328,-0.4845274148602246
H484L,-16.991172790527344,-0.2503616569278888
H484M,-15.571826934814453,-0.1249337618000487
H484N,-10.496272087097168,-0.3017784636010973
H484P,-17.592082977294922,-0.4830104894731619
H484Q,-12.986244201660156,-0.0201616937083609
H484R,-16.14674186706543,-0.4248405658982987
H484S,-14.472878456115723,-0.3484515969353187
H484T,-14.08322811126709,-0.4393096477849207
H484V,-16.59029769897461,-0.4767443358494934
H484W,-15.618243217468262,-0.221272425459
H484Y,-12.0082368850708,-0.3722903292581823
H498A,-7.302865028381348,0.0112513564428635
H498C,-7.21638822555542,-0.0073144687532497
H498D,-5.7219133377075195,0.0402265300343939
H498E,-7.661657333374023,0.0199327958190265
H498F,-3.2344038486480713,-0.0515000239257498
H498G,-8.579580307006836,-0.0096473383252798
H498I,-8.545194625854492,-0.0808362874432075
H498K,-7.561196804046631,0.0021433883635132
H498L,-5.681671142578125,-0.0578256033170047
H498M,-7.900143146514893,-0.0344088315553463
H498N,-4.4984354972839355,0.0148043522068338
H498P,-12.283517837524414,-0.2409449657543226
H498Q,-6.455925464630127,0.0138604273913136
H498R,-3.441682815551758,0.0438377264087342
H498S,-5.825852394104004,0.0252547661711941
H498T,-6.554999351501465,0.0058038251259872
H498V,-9.344023704528809,-0.0199676080273029
H498W,-4.5848917961120605,-0.0110064702035819
H498Y,-2.0608534812927246,0.0277490594402915
H539A,-2.7011709213256836,-0.0199058869813111
H539C,-3.946014165878296,0.0072666370497238
H539D,-2.593351125717163,-0.1260337056396892
H539E,-2.964568853378296,-0.077787456237666
H539F,-3.3436715602874756,0.0064167092347613
H539G,-4.701783180236816,0.0556394248716918
H539I,-4.731922149658203,-0.1060204812815393
H539K,-1.194575309753418,-0.0900553374401774
H539L,-2.115687608718872,0.1088144510535124
H539M,-4.032273292541504,0.0358227337583742
H539N,-1.485208511352539,-0.0527187159134701
H539P,-7.233905792236328,-0.1186752529680518
H539Q,-2.5921425819396973,-0.0346065795662439
H539R,-0.6525464057922363,0.0184455564454639
H539S,-3.048426389694214,0.0050942753639987
H539T,-4.471639633178711,-0.0597685567023504
H539V,-3.9741833209991455,-0.094446862837639
H539W,-3.653503179550171,0.108573689266331
H539Y,-3.7351338863372803,-0.0344568955741825
I389N,-10.009880065917969,-0.1992835738705
I389T,-9.283979415893555,-0.1704275869300666
I389V,-4.433234691619873,-0.1896349766473333
I423A,-14.999722480773926,0.1769465658511666
I423C,-11.797168731689453,0.3546275743596667
I423D,-14.965635299682617,-0.349673723234
I423E,-14.015714645385742,-0.1868308662128666
I423F,-11.812192916870117,0.0322114810295333
I423G,-12.813786506652832,-0.0592769206287333
I423H,-13.25677490234375,0.0610981646852333
I423K,-14.556804656982422,-0.1211615841435333
I423L,-5.828622817993164,-0.0601423246724444
I423M,-8.16099739074707,-0.0662189009180666
I423N,-11.790813446044922,0.1418129962153333
I423P,-17.74301528930664,-0.3639995741676666
I423Q,-12.378491401672363,0.0262600882415
I423R,-14.944790840148926,-0.2183109132607777
I423S,-13.518938064575195,0.1458370282147444
I423T,-9.052287101745605,0.2286737555801666
I423V,-7.924577236175537,0.0272781772022166
I423Y,-13.254159927368164,-0.0603363454870333
I427A,-13.7941312789917,0.00508376759674
I427C,-11.52507209777832,-0.0045476903404666
I427D,-14.016600608825684,-0.0266409477669666
I427E,-12.21886920928955,-0.116249251246
I427F,-7.177402973175049,-0.1033866468827
I427G,-16.523969650268555,-0.0443696021293616
I427H,-8.454092025756836,-0.0371636458895
I427K,-11.024916648864746,0.0012210376252666
I427L,-3.5395450592041016,0.0156419320478777
I427M,-9.136539459228516,-0.0428735191498333
I427N,-12.379948616027832,-0.0188673892650666
I427P,-15.417744636535645,-0.0922054508750666
I427Q,-10.755233764648438,0.0267706756488333
I427R,-11.32421588897705,0.035596574905211
I427S,-14.776130676269531,-0.0413858696896555
I427T,-11.501092910766602,-0.0062761543561116
I427V,-6.300166606903076,0.0092518777653333
I427W,-12.787484169006348,-0.110484775303
I427Y,-6.949934959411621,-0.129264362454
I429A,-14.913536071777344,-0.0992408190399999
I429C,-10.398786544799805,-0.0358958030647333
I429D,-19.565837860107422,-0.3384370735243333
I429E,-16.052858352661133,-0.0717098292468366
I429F,-13.601580619812012,-0.1034117800134
I429G,-21.09259605407715,-0.0952287461661499
I429H,-18.73122215270996,-0.1141937010986666
I429K,-14.942828178405762,0.00598862532673
I429L,-9.706018447875977,-0.0048838777594355
I429M,-11.65367603302002,-0.0116347451497999
I429N,-17.294206619262695,-0.0855945117003666
I429P,-19.24529266357422,-0.00933548414451
I429Q,-16.7394962310791,-0.0249927303382333
I429R,-16.177610397338867,-0.0528245757389227
I429S,-17.660324096679688,-0.0926275691202666
I429T,-11.978201866149902,-0.0239032598617
I429V,-2.5987939834594727,0.0543732630367916
I429W,-15.420849800109863,-0.0973616092334666
I429Y,-13.807062149047852,-0.14923435592
I458A,-12.265326499938965,0.0370672574602037
I458C,-9.458401679992676,-0.139265377917585
I458F,-8.480321884155273,0.0572371373847503
I458G,-15.86627197265625,0.0039044335443493
I458H,-11.16500186920166,-0.0249807832763484
I458L,-8.662935256958008,0.0346108535113303
I458M,-8.34902572631836,0.0466394217376783
I458N,-10.74149227142334,-0.0919290592421647
I458P,-13.790217399597168,-0.0193714322722648
I458R,-13.513932228088379,-0.0578522182322981
I458S,-11.949614524841309,-0.0531884281720656
I458T,-8.438910484313965,0.1212415001059569
I458V,-4.06223201751709,-0.0536582245161786
I458Y,-10.002357482910156,0.0675094681708005
I463A,-14.456283569335938,-0.0257843906843312
I463C,-11.844677925109863,-0.0003998872235239
I463D,-15.55103588104248,-0.4417125529803566
I463E,-13.640408515930176,-0.2332797537828629
I463F,-15.241891860961914,-0.0341941677234612
I463G,-18.97785758972168,-0.1463568297527523
I463H,-14.149332046508789,-0.0425420230940176
I463K,-5.652684211730957,0.0638787413412973
I463L,-6.080099105834961,0.0075819137564582
I463M,-9.849543571472168,0.0237423718102247
I463N,-12.408334732055664,-0.0333914840384005
I463P,-19.35097312927246,-0.3548545920126966
I463Q,-10.220366477966309,-0.0108011984827611
I463R,-7.326552867889404,0.0377550056710007
I463S,-14.197782516479492,-0.0453751279160746
I463T,-10.05614185333252,0.0185613431814088
I463V,-6.403903961181641,0.0025562137343935
I463W,-15.324899673461914,-0.4013153147201864
I463Y,-14.31222152709961,-0.220888817338863
I502A,-15.917272567749023,-0.2695389661348549
I502C,-12.267786026000977,-0.1431025843737426
I502D,-18.264083862304688,-0.4570318096903423
I502E,-16.206396102905273,-0.150199258532
I502F,-16.53696060180664,-0.0814978634970643
I502G,-19.38689422607422,-0.351798840603624
I502H,-19.94171142578125,-0.4459526010176893
I502K,-17.492565155029297,-0.348970474819793
I502L,-6.227276802062988,0.0833218852847019
I502M,-12.471832275390625,-0.0333349895866769
I502N,-16.30989646911621,-0.322204321052034
I502P,-17.870450973510742,-0.4486880166648711
I502Q,-15.681710243225098,-0.3943015573193644
I502R,-17.949926376342773,-0.3543824262745602
I502S,-16.243310928344727,-0.3462327062126318
I502T,-11.366435050964355,-0.1940246694060283
I502V,-4.473302841186523,-0.0179570288941953
I502Y,-16.859113693237305,-0.428904597392586
I536A,-10.382041931152344,0.0192972759859578
I536C,-10.831280708312988,0.0277773677353375
I536D,-12.004677772521973,-0.2501427350046314
I536E,-10.70044231414795,0.0382344490846226
I536F,-8.818336486816406,0.0728343455785774
I536G,-15.907155990600586,0.0691443973459886
I536H,-11.08190631866455,0.0405346460406527
I536K,-9.677245140075684,-0.0835769869206091
I536L,-6.379731178283691,0.0601783823336776
I536M,-6.550921440124512,0.0032132786562746
I536N,-10.066813468933105,-0.0063952196873365
I536P,-14.790336608886719,-0.0969397705863543
I536Q,-8.158534049987793,0.0854335971550024
I536R,-8.170679092407227,-0.0329650073821755
I536S,-11.346636772155762,0.0252014840388872
I536T,-9.893207550048828,0.0100740177009771
I536V,-5.697087287902832,0.068202681721345
I536W,-8.313985824584961,0.0867247726464216
I536Y,-8.133657455444336,0.0348053731425315
I577A,-9.792006492614746,-0.1350527052056152
I577C,-9.995616912841797,-0.0604282125819935
I577D,-12.13150405883789,-0.1573760680251789
I577E,-8.642478942871094,-0.0760638018752676
I577F,-8.714521408081055,-0.0738058567755284
I577G,-16.01605224609375,-0.2119875416573996
I577H,-9.235675811767578,-0.0292793880075248
I577K,-7.957272529602051,-0.2686307245535553
I577L,-6.212183952331543,-0.0833289994930597
I577M,-7.702136993408203,-0.1088696127151567
I577N,-10.259054183959961,-0.0671049609116123
I577P,-16.68337059020996,-0.3044700975249033
I577Q,-8.010784149169922,-0.2308008730211123
I577R,-6.755023956298828,-0.2610426049813565
I577S,-11.29006290435791,-0.2188183097570117
I577T,-7.878683090209961,-0.0882902604265767
I577V,-3.369553565979004,-0.0601432913300794
I577W,-7.6354498863220215,-0.0268457792050865
I577Y,-7.612639904022217,-0.1001618830727492
I625S,-12.429266929626465,-0.2796212966301684
I625T,-10.265329360961914,-0.1799922999674516
I625V,-6.741848945617676,-0.0823522956804877
K353E,-3.7245850563049316,-0.0872435897868666
K353M,-5.502291679382324,-0.1368393506418766
K353R,-2.4988393783569336,-0.0795183292162266
K354N,-3.723891496658325,0.100441575
K358A,-4.63876485824585,-0.0598633324709999
K358C,-9.567777633666992,-0.0055504687179666
K358D,-3.263917922973633,-0.0186511795174666
K358E,-3.008145809173584,0.0934506087909
K358F,-9.007206916809082,-0.1792157694093333
K358G,-7.541484832763672,-0.088268975997
K358H,-7.540145397186279,-0.0359507906500066
K358I,-11.86610221862793,-0.1570890418573333
K358L,-6.968263626098633,-0.1267863876834666
K358M,-8.329009056091309,0.0058186116739499
K358N,-5.263495445251465,-0.0748629930879666
K358P,-4.131852626800537,-0.0655323384068499
K358Q,-5.883392333984375,-0.0490759244019
K358R,-4.8054518699646,0.0849052818126611
K358S,-4.396712303161621,-0.0123331031236888
K358T,-8.175107955932617,-0.0872936657465166
K358V,-11.098729133605957,-0.0339508203075833
K358Y,-9.432039260864258,-0.1399095609123333
K378A,-10.018898010253906,-0.0253691955856623
K378C,-9.013943672180176,0.06933551657913
K378D,-11.249619483947754,-0.1575143576624333
K378E,-8.30800724029541,-0.2374738348453333
K378F,-5.521062850952148,0.0105784052619666
K378G,-12.351875305175781,-0.0484530233293332
K378H,-4.778498649597168,-0.0228048962115
K378I,-9.996193885803223,0.0007937635774666
K378L,-6.104936122894287,-0.0257926265621933
K378M,-7.1076226234436035,0.0282264483172
K378N,-7.094910621643066,-0.0377956520487666
K378P,-15.187294960021973,-0.5108729116323334
K378Q,-6.795726776123047,-0.0051163241665633
K378R,-3.06048583984375,0.0380750234414066
K378S,-8.59329891204834,0.0106036640679691
K378T,-8.520715713500977,0.0119463458185816
K378V,-8.94471263885498,0.0311065936195166
K378W,-7.958462238311768,-0.0654508542377666
K378Y,-4.1668853759765625,0.0269569506691
K379A,-2.9626588821411133,-0.0868035400689333
K379C,-9.321405410766602,-0.0842137965710333
K379D,-8.273616790771484,-0.1536337342592333
K379E,-7.040048599243164,-0.0123531173771
K379F,-9.09713363647461,-0.0274101158752999
K379G,-4.527298450469971,-0.0097452274213749
K379H,-7.187176704406738,-0.0907127326207666
K379I,-10.698335647583008,-0.159538220814
K379L,-6.66390323638916,-0.0681675198007343
K379M,-7.1754560470581055,0.0596285651568
K379N,-5.1449127197265625,-0.141456717492
K379P,-6.460884094238281,-0.0686668961482166
K379Q,-6.191925525665283,-0.0652079049225
K379R,-1.9936237335205078,0.0209195640656333
K379S,-4.545397758483887,-0.064055892684711
K379T,-8.09016227722168,-0.1577347850824999
K379V,-10.415060997009277,-0.0937484867509033
K379W,-10.011154174804688,-0.052515429848
K379Y,-8.44588851928711,-0.040187711774
K383A,-7.100040435791016,-0.0513601249801166
K383C,-7.885290145874023,-0.020415297599559
K383D,-10.412208557128906,-0.0740627934907666
K383E,-8.584900856018066,-0.0960155494974666
K383F,-5.827465057373047,-0.0203194711861333
K383G,-9.079751968383789,-0.0767773066362
K383H,-4.404094696044922,-0.02179507490532
K383I,-8.086991310119629,-0.0282293116815666
K383L,-7.512894153594971,-0.026576847627011
K383M,-8.071730613708496,-0.0283955699656333
K383N,-6.686855316162109,-0.0819938362922666
K383P,-15.31182861328125,-0.1370898617796666
K383Q,-6.401427268981934,-0.0149796706865133
K383R,-2.585756301879883,-0.0116555278105966
K383S,-5.34295654296875,-0.0352199595055777
K383T,-7.492225170135498,-0.0360344287930333
K383V,-8.733879089355469,-0.0189052808508333
K383W,-8.250131607055664,-0.0091798812713333
K383Y,-5.40109920501709,-0.0147022134813333
K386A,-6.915430545806885,-0.0667390065080999
K386C,-8.664904594421387,-0.0773914555808666
K386D,-5.221596717834473,0.0199635273546
K386E,-5.847041606903076,0.0934506087909
K386F,-4.2132954597473145,-0.0929730055406666
K386G,-6.305533409118652,0.0796935542651666
K386H,-4.196388244628906,-0.0076622448115566
K386I,-7.4251322746276855,-0.1310037982513333
K386L,-5.351485729217529,-0.077984730412811
K386M,-6.661905765533447,-0.1191267037971
K386N,-2.349480390548706,-0.0252707884392573
K386P,-11.285680770874023,-0.1417373256649999
K386Q,-4.731026649475098,-0.0175201376957933
K386R,-3.8481712341308594,-0.0470801329641333
K386S,-4.210354804992676,-0.0261447217564988
K386T,-4.089925765991211,-0.0378048699206666
K386V,-8.290058135986328,-0.1341741991204999
K386Y,-4.633729934692383,-0.0336341356673033
K387A,-6.7754106521606445,-0.0562511220122666
K387C,-8.038366317749023,-0.0321855224232866
K387D,-8.297199249267578,-0.0968439768001666
K387E,-5.886249542236328,-0.1163658361514666
K387F,-6.07039737701416,-0.0979673592702666
K387G,-8.976686477661133,-0.0148924810805833
K387H,-6.738787651062012,-0.0156270378061
K387I,-5.9235405921936035,-0.0663427839265666
K387L,-7.514867782592773,-0.0497324248622555
K387M,-7.1281304359436035,0.0036518877416
K387N,-6.041778087615967,-0.0890037565618666
K387P,-16.035430908203125,-0.1693121723153333
K387Q,-5.430843830108643,-0.0688341046215
K387R,-2.710958957672119,-0.076613036078411
K387S,-5.635385513305664,-0.081481729487811
K387T,-5.332129955291748,-0.0594971013794166
K387V,-5.299365997314453,0.0539773197539483
K387W,-8.040990829467773,-0.061838480457
K387Y,-5.6381425857543945,0.0016401948717999
K394A,-11.464914321899414,-0.6090741068206668
K394C,-11.4133882522583,-0.623753134959
K394D,-12.770036697387695,-0.5791856829523333
K394F,-11.902251243591309,-0.643571337446
K394G,-12.593400955200195,-0.705493578052
K394H,-9.616727828979492,-0.7048580256653333
K394I,-10.207632064819336,-0.682197496439
K394L,-4.9488630294799805,-0.6752786196405001
K394N,-7.9011054039001465,-0.5863793946876666
K394P,-16.927749633789062,-0.6061630405130833
K394Q,-8.11829948425293,-0.579085146363
K394R,-6.275665283203125,-0.6271828263871666
K394S,-10.37783145904541,-0.6715813736685555
K394T,-10.465643882751465,-0.5992618671496668
K394V,-11.874187469482422,-0.560768490139
K394Y,-10.201865196228027,-0.624076425384
K397E,-4.952034950256348,-0.0823909357869
K397M,-7.817645072937012,-0.219488211469
K397R,-5.472416877746582,-0.1536329252279999
K405A,-6.852077007293701,0.0149319243140333
K405C,-7.93186092376709,-0.0659615207745666
K405D,-9.56601333618164,-0.0059874707722666
K405E,-7.357772350311279,0.0279540243099566
K405F,-5.646176815032959,-0.0697167716266333
K405G,-9.182838439941406,0.0114130405270666
K405H,-5.32159948348999,-0.0203132244265
K405I,-2.9426631927490234,-0.0939745693621
K405L,-3.7258896827697754,-0.0908219790329222
K405M,-4.535635471343994,-0.0742033118213333
K405N,-7.267512321472168,-0.0103767343675333
K405P,-14.02035140991211,-0.0284896014333832
K405Q,-4.779419898986816,0.03520177579813
K405R,-2.9251155853271484,-0.0119309126909889
K405S,-7.5730414390563965,-0.0350547633249666
K405T,-6.126214504241943,-0.0365882876827999
K405V,-3.802158832550049,-0.0402104206737201
K405W,-5.544400215148926,-0.0820688201444
K405Y,-6.438225269317627,-0.0423900615759
K410A,-5.1331987380981445,0.0883205020023166
K410C,-9.237805366516113,0.1516565539234666
K410D,-6.647887229919434,0.0346434452991
K410F,-8.345499038696289,0.009283072704
K410G,-7.674228668212891,0.0666470218856
K410H,-7.599915027618408,-0.0064375254397266
K410I,-6.955039978027344,-0.0433588359526
K410L,-6.448441982269287,-0.0127359608477833
K410N,-6.3314948081970215,-0.0921060075270333
K410P,-12.825329780578613,-0.1348375856005666
K410Q,-6.133898735046387,0.05092968425679
K410R,-4.949376583099365,-0.0466060200905499
K410S,-6.0962677001953125,-0.0399520055726555
K410T,-6.3081183433532715,-0.0227853881063332
K410V,-6.626168251037598,-0.01259491630855
K410W,-9.50149917602539,0.0476448122982
K410Y,-8.368667602539062,0.1007858512278333
K449A,-2.8789918422698975,0.0476734632577308
K449C,-6.700309753417969,-0.0249436941223576
K449D,-3.2431607246398926,0.0398296960829649
K449E,-2.432518243789673,-0.0908381878599989
K449F,-5.808665752410889,-0.025242524466498
K449G,-5.079581260681152,0.408652195364
K449H,-4.710467338562012,0.0118321094046639
K449I,-4.547966957092285,-0.0340260937785857
K449L,-3.6590676307678223,-0.0016316326110078
K449M,-4.922853946685791,-0.0450581331645827
K449N,-3.6225826740264893,0.009108849280711
K449P,-9.622698783874512,-0.1055083774920521
K449Q,-2.7859718799591064,0.0023003677306303
K449R,-3.2877674102783203,-0.0219850846596799
K449S,-3.6355223655700684,0.0046159316766704
K449T,-4.286458492279053,0.022676447720253
K449V,-3.5515356063842773,0.0161949283298553
K449W,-6.2129316329956055,-0.0309860232904104
K449Y,-5.360505104064941,0.0321942163490598
K453A,-1.9328793287277222,0.0051081688180041
K453C,-7.505130290985107,0.0013323168260031
K453D,-2.5352401733398438,0.031068825028027
K453E,-2.742872714996338,0.0146120419704269
K453F,-8.46747875213623,-0.0021727620077317
K453G,-7.689271450042725,0.1112065919972438
K453H,-6.50150203704834,0.0278406680505356
K453I,-8.25898551940918,0.0269569544450889
K453L,-5.128235816955566,-0.0090341406684864
K453M,-6.308274269104004,0.0815871980670496
K453N,-3.5469512939453125,-0.0009710816908429
K453P,-11.814177513122559,-0.0924854920043386
K453Q,-3.2986860275268555,0.0027015173763591
K453R,-3.9649341106414795,-0.0002589525849092
K453S,-3.566307544708252,0.012791867864226
K453T,-4.644017696380615,0.0132954331061877
K453V,-8.135968208312988,0.0023510584583611
K453W,-8.826567649841309,-0.004137714862965
K453Y,-8.257259368896484,0.0088419873880555
K455A,-6.725998878479004,0.0261996729652213
K455C,-10.073457717895508,-0.0240399126829644
K455D,-9.853330612182617,0.0007307463246287
K455E,-7.0549726486206055,-0.0460206367299406
K455F,-10.416074752807617,-0.0423658821367119
K455G,-11.569611549377441,0.0402132130538854
K455H,-8.040771484375,0.003940681186722
K455I,-9.206604957580566,-0.033017109966038
K455L,-10.246657371520996,-0.0339183623474246
K455M,-8.883859634399414,-0.0247294465894419
K455N,-10.510648727416992,-0.0242472988807389
K455P,-15.726297378540039,-0.0223864960582704
K455Q,-6.393085479736328,0.0322315633935761
K455R,-3.62454891204834,0.0351938835956718
K455S,-7.510426998138428,-0.0042698088605626
K455T,-6.27602481842041,-0.0372522475245382
K455V,-7.87037992477417,-0.0757561466632747
K455W,-11.903690338134766,-0.1344665673751653
K455Y,-9.44338607788086,-0.0448821346419175
K475A,-7.484767436981201,-0.0156254739294602
K475C,-8.873690605163574,0.0124552290682002
K475D,-8.645240783691406,-0.0870580227098391
K475E,-5.751066207885742,-0.0623985436109303
K475F,-10.549925804138184,-0.1192872859267451
K475G,-9.625092506408691,-0.043566070566026
K475H,-6.9733757972717285,-0.0719607136353359
K475I,-14.336957931518555,-0.080638434917939
K475L,-6.468156814575195,0.005310558762489
K475M,-8.086981773376465,0.184353771275
K475N,-7.8365559577941895,-0.0454645155456485
K475P,-13.724261283874512,-0.4793326702549932
K475Q,-4.684609413146973,-0.0380461780316366
K475R,-2.7530832290649414,0.0733277019503345
K475S,-7.949826717376709,-0.0381155732580585
K475T,-8.00211238861084,-0.0419450036167488
K475V,-11.610201835632324,-0.0133560291227667
K475Y,-9.881836891174316,-0.0727430953921992
K480A,-8.039335250854492,-0.0260719654996955
K480C,-6.375933647155762,0.103618697159
K480D,-9.620262145996094,-0.0931250048381506
K480F,-10.804595947265625,0.0499376002301522
K480H,-5.800590991973877,0.0770268439644476
K480I,-12.208582878112793,-0.0422938612227
K480L,-9.279359817504883,-0.0113197058643797
K480M,-7.413684844970703,0.0097792400158873
K480N,-3.9890408515930176,0.0250800874625755
K480P,-11.292465209960938,-0.2354678346990915
K480R,-4.671370983123779,-0.0236450333672256
K480S,-6.6714324951171875,0.0142719594939161
K480Y,-9.523707389831543,0.058246672119054
K501A,-14.985889434814453,-0.0071407906379912
K501C,-14.636120796203613,0.0320092391208396
K501D,-16.950122833251953,-0.3983599548377652
K501E,-13.494407653808594,-0.113701076742623
K501F,-18.08954429626465,-0.0573606499018345
K501G,-17.620899200439453,-0.1613066749170686
K501H,-12.342589378356934,-0.0460860376976892
K501I,-16.432401657104492,0.0366369453361324
K501L,-10.655341148376465,0.0371114189811894
K501M,-12.302594184875488,0.0272769042273784
K501N,-12.33092975616455,0.0001787270432376
K501P,-16.131855010986328,-0.4687466290619951
K501Q,-8.02467155456543,0.0248958833176427
K501R,-3.018800735473633,-0.0203947369410845
K501S,-14.75395393371582,-0.0399308082167902
K501T,-13.191579818725586,-0.0073923700316004
K501V,-13.29580307006836,0.0948549602040381
K501W,-17.69910430908203,-0.0382227594557699
K501Y,-18.100643157958984,-0.0618629086845092
K509A,-4.4668989181518555,0.0643831638020404
K509C,-8.6063232421875,0.2791089714449307
K509D,-6.224853038787842,0.0149065875851895
K509E,-5.942436695098877,-0.0709545137954801
K509F,-4.0754618644714355,0.1245229666022903
K509G,-6.479214668273926,-0.0141794512797819
K509H,-4.344700813293457,0.0739248157255289
K509I,-5.841442108154297,0.209302398420964
K509L,-6.30518913269043,0.1835019979804509
K509M,-7.03965950012207,-0.0746978340403007
K509N,-5.918371677398682,0.0696340369930262
K509P,-13.747291564941406,-0.1270896067831397
K509Q,-5.586853981018066,-0.0117238349207726
K509R,-3.9190776348114014,-0.0351875031494288
K509S,-4.811517238616943,0.1163461903367221
K509T,-4.726526260375977,0.0471407175076801
K509V,-5.8856611251831055,0.387537789906262
K509Y,-4.27882194519043,-0.0077595502984504
K519A,-3.980654239654541,0.03193615851655
K519C,-6.747893333435059,0.0325806133154304
K519D,-3.172466993331909,0.0610121486157229
K519E,-3.6931917667388916,0.1649857346396453
K519F,-3.889700412750244,0.0327927544479318
K519G,-2.980644941329956,0.0429853862189218
K519H,-4.644011974334717,0.0685832488171791
K519I,-5.423817157745361,0.0577498531810338
K519L,-4.3886308670043945,0.0611135455106185
K519M,-5.9461188316345215,0.0051323167627526
K519N,-2.717787742614746,0.0160587412307951
K519P,-9.276748657226562,0.0773396175199174
K519Q,-4.209819316864014,0.0544709368668193
K519R,-4.525986194610596,0.0255742802001483
K519S,-4.099560737609863,0.0570774829139791
K519T,-3.8262686729431152,0.0506483813913287
K519V,-4.8369221687316895,0.060668297518245
K519W,-5.604789733886719,0.0098385648835694
K519Y,-4.278319358825684,0.0677992999879576
K521A,-3.9107260704040527,0.0375408032054837
K521C,-7.7530903816223145,0.0373468899521423
K521D,-4.128595352172852,-0.0076001420579601
K521F,-6.0511956214904785,-0.0041423750810198
K521G,-5.260921478271484,0.1076183853254296
K521H,-5.509287357330322,0.0143378006454147
K521I,-5.229881763458252,-0.0601196189201119
K521L,-5.2389397621154785,-0.054793698324905
K521N,-4.5291314125061035,0.061248660840818
K521P,-5.814393997192383,0.0789742716708178
K521Q,-4.722469806671143,0.0082210970706218
K521R,-4.396168231964111,0.070888304234447
K521S,-3.94820499420166,0.0293300213482742
K521T,-3.5576858520507812,0.0285400937824366
K521V,-4.608837127685547,-0.0369909751431158
K521Y,-5.9134416580200195,-0.0249679011835285
K525A,-5.635416030883789,0.062404103622532
K525C,-8.114908218383789,0.0101174127764338
K525D,-5.496288299560547,-0.0154901713397985
K525E,-4.522522449493408,-0.0373474427373875
K525F,-5.380708694458008,-0.0349710520719086
K525G,-6.26576042175293,-0.0352052588756999
K525H,-6.131552219390869,0.0596690468336811
K525I,-6.109551429748535,-0.050702980545863
K525L,-4.66244649887085,0.069502319433472
K525N,-5.232773780822754,0.0089780500474042
K525P,-4.508434772491455,0.0344961798569381
K525Q,-4.730648517608643,0.0129616491272637
K525R,-4.219648361206055,0.0921260261186052
K525S,-6.12974739074707,0.0932879300425572
K525T,-5.786988735198975,0.0463881890038712
K525V,-6.258078098297119,-0.0333248678545766
K525Y,-4.872323513031006,0.012755407801807
K529A,-7.935891151428223,-0.0939291294354046
K529C,-8.328362464904785,-0.1363519858019836
K529D,-10.310153007507324,-0.3598818581083838
K529E,-7.712317943572998,-0.2447142508267036
K529F,-7.291174411773682,-0.1950526810869403
K529G,-10.333260536193848,-0.1805066557614258
K529H,-5.017360687255859,-0.191997058643831
K529I,-7.829543113708496,-0.1814935308364476
K529L,-8.900962829589844,-0.1813236870680812
K529M,-7.726220607757568,-0.15779690583867
K529N,-7.817491054534912,-0.1223617721039096
K529P,-12.413531303405762,-0.1253191466952047
K529Q,-6.693940162658691,-0.1723257713014334
K529R,-3.7481513023376465,-0.0113078239806737
K529S,-8.471118927001953,-0.1738182131616584
K529T,-9.230676651000977,-0.2286735657432954
K529V,-7.444634437561035,-0.1904514043563147
K529Y,-6.321495056152344,-0.2140251834726486
K540A,-3.738564968109131,-0.0096967819630366
K540C,-4.937283039093018,0.0458057030053552
K540D,-2.3835673332214355,-0.0070236068152525
K540E,-2.296894073486328,-0.1451155609989805
K540F,-2.9755053520202637,-0.1028186924507725
K540G,-5.666750431060791,0.19500297041127
K540H,-1.7733091115951538,-0.0393860862128516
K540I,-3.6347265243530273,0.0334095483863159
K540L,-3.6801891326904297,-0.0291890247311864
K540M,-4.603918552398682,0.0416265316790232
K540N,-2.490936279296875,-0.0080087477361851
K540P,-9.440027236938477,-0.2478038529115589
K540Q,-2.7960143089294434,0.0054453375179888
K540R,-3.927389621734619,-0.0068270504685371
K540S,-3.6360220909118652,-0.0329848324546082
K540T,-3.2158889770507812,-0.0013865627035895
K540V,-3.2318062782287598,0.0614298135071581
K540W,-3.9054408073425293,0.062238896291013
K540Y,-2.91392183303833,0.047416249068151
K544A,-7.577547073364258,-0.0607573295049665
K544C,-11.934514999389648,-0.0942472914270006
K544D,-10.340340614318848,-0.154621804055819
K544E,-9.473742485046387,-0.157885144089101
K544F,-11.158628463745117,-0.0102573500469703
K544G,-11.365463256835938,-0.1351412760520331
K544H,-8.411487579345703,-0.0560356821404076
K544I,-13.24079704284668,-0.0658073702537722
K544L,-8.077314376831055,-0.0828383524766598
K544N,-9.159469604492188,-0.1038324025319677
K544P,-12.913204193115234,-0.0838952943732357
K544Q,-7.378772735595703,-0.1300523037497
K544R,-5.191533088684082,-0.0740890757041917
K544S,-8.359073638916016,-0.0593741359651397
K544T,-9.82391357421875,-0.1167806796012092
K544V,-11.269705772399902,-0.0977702161120075
K544W,-12.722639083862305,-0.0830126618305967
K544Y,-10.501001358032227,-0.0453569518013421
K563A,-4.554812431335449,-0.0386950219062321
K563C,-7.377947807312012,-0.0814751083959124
K563D,-4.72761344909668,-0.150022505324055
K563E,-1.906618595123291,-0.103213759253571
K563F,-5.56949520111084,-0.0761971874308611
K563G,-7.0360107421875,-0.0487399796479709
K563H,-4.815426826477051,-0.0465452258780221
K563I,-4.742820739746094,-0.0566709135917418
K563L,-4.821346282958984,-0.1153078706289588
K563M,-4.484195709228516,0.0571530426810239
K563N,-4.460251808166504,-0.0330285046997387
K563P,-7.156929016113281,-0.0248213271458756
K563Q,-3.82849383354187,0.0098466548348396
K563R,-3.741321325302124,-0.0453139825536915
K563S,-4.017243385314941,-0.0021971901607317
K563T,-2.279209613800049,-0.0113676169776894
K563V,-3.630171298980713,-0.0165929286898308
K563Y,-4.983153343200684,-0.0929069001737196
K566A,-3.5122833251953125,0.0502152170602416
K566C,-7.672669410705566,-0.064671455183398
K566D,-4.466438293457031,0.0237619115792315
K566F,-5.440786838531494,-0.0301405281761567
K566G,-7.2170939445495605,0.1273587709406454
K566H,-4.920112609863281,-0.0303953383847824
K566I,-8.024348258972168,-0.009921099890874
K566L,-5.106607913970947,-0.0060231701131219
K566N,-4.954200744628906,0.0374402904385224
K566P,-5.104149341583252,0.0727389938548755
K566Q,-3.1650609970092773,0.0420791282626879
K566R,-4.385106086730957,-0.0021154397203988
K566S,-4.028193950653076,-0.036050367159861
K566T,-3.7066426277160645,0.017455143808233
K566V,-5.943819522857666,-0.0900186121175665
K566Y,-5.318162441253662,-0.0128459436817239
K569A,-5.849514007568359,-0.0347880360939955
K569C,-9.489578247070312,-0.0778556173968097
K569D,-7.2097554206848145,-0.1144799766742586
K569F,-7.8016157150268555,-0.0406217815009537
K569G,-7.609246253967285,0.0303915290390185
K569H,-7.148046016693115,-0.0328268435853153
K569I,-9.282247543334961,-0.0273807491745827
K569L,-6.716555595397949,0.0559913859677646
K569M,-7.257270336151123,-0.00626776188632
K569N,-6.427792549133301,-0.005682895417013
K569P,-9.435306549072266,-0.0558570427965097
K569Q,-6.123879432678223,-0.0043705772201932
K569R,-4.9566969871521,-0.0722183102773733
K569S,-6.32175874710083,-0.0161413263862144
K569T,-6.314495086669922,-0.0141624585965706
K569V,-8.514217376708984,-0.0294460524492225
K569Y,-7.590402126312256,-0.0103506480621389
K598A,-7.962844371795654,0.0272816186508752
K598C,-5.425313949584961,0.0914660106596775
K598D,-7.122322082519531,0.0048741916973742
K598F,-8.080965042114258,-0.0300677287629649
K598G,-7.0504350662231445,-0.0463526862711342
K598H,-5.945840835571289,0.0191793777965882
K598I,-8.021833419799805,0.0311013894778178
K598L,-2.9208898544311523,0.2504980483493713
K598M,-4.8282365798950195,-0.1009243143342288
K598N,-4.602316379547119,0.0219391835809959
K598P,-12.821470260620117,-0.543046793470449
K598Q,-3.7757279872894287,0.0371405977612234
K598R,-3.5945775508880615,0.0539960427544548
K598S,-6.277932167053223,0.0202359095810691
K598T,-6.750514507293701,0.0361781085521063
K598V,-8.594413757324219,-0.0136946771907223
K598W,-7.684560298919678,0.0131593824664973
K598Y,-7.078883647918701,-0.0351180280892887
K604A,-5.370985507965088,0.0504403964203881
K604C,-6.176815986633301,0.270723684349388
K604D,-2.3317837715148926,0.1088901895390008
K604E,-2.8173680305480957,-0.1304149410313347
K604F,-4.86139440536499,0.0513992488851577
K604G,-6.480172634124756,-0.142193480292302
K604H,-4.2345380783081055,0.0370538027749051
K604I,-3.451563835144043,0.0416494122127371
K604L,-5.014517784118652,0.0333532071578874
K604M,-6.053164958953857,0.0575780109099589
K604N,-0.9507391452789307,0.0268184195356928
K604P,-8.69802188873291,0.0153952937282145
K604R,-4.682934284210205,0.0231307173165583
K604S,-4.0767951011657715,0.1338606681425463
K604T,-3.82460880279541,0.0204574604193236
K604V,-3.504672050476074,0.0176564619583187
K604Y,-4.685277462005615,0.0639160430236465
K627E,-1.916633129119873,-0.0138392142116898
K627N,-4.465384006500244,0.0868401719697951
K627R,-1.8796353340148926,-0.1266071712342653
L357A,-9.126941680908203,-0.2077323865901666
L357C,-5.72762393951416,-0.1388761610673333
L357D,-11.53341293334961,-0.39344357713
L357E,-8.631721496582031,-0.335858647383
L357F,-11.001914978027344,-0.1403348898572
L357G,-9.094420433044434,-0.0991549768213569
L357H,-9.87420654296875,-0.295957100621
L357I,-4.538457870483398,-0.100707204293
L357K,-7.940382957458496,-0.1465879633063333
L357M,-5.269532203674316,-0.158150373549
L357N,-8.349300384521484,-0.3510210230283333
L357P,-12.368592262268066,-0.3872552580613333
L357Q,-6.611026763916016,-0.1953638089849999
L357R,-8.556442260742188,-0.1895414611239999
L357S,-10.042238235473633,-0.3494441222348889
L357T,-9.58761215209961,-0.3052783167946666
L357V,-4.72252893447876,-0.1168331598842499
L357Y,-11.386167526245117,-0.2114698276523333
L362A,-14.508252143859863,-0.2679043472741667
L362C,-11.569911003112793,-0.257496239541
L362D,-17.574995040893555,-0.6442836159933333
L362E,-14.451313972473145,-0.528572232989
L362F,-13.35269832611084,-0.1898892108986666
L362G,-17.405160903930664,-0.5077636494076666
L362H,-15.502721786499023,-0.444854396358
L362I,-2.672191619873047,-0.0901536390425666
L362K,-15.407266616821289,-0.509129060093
L362M,-8.565658569335938,-0.1850896078576666
L362N,-16.236108779907227,-0.6100388857943333
L362P,-16.956565856933594,-0.3918524293503332
L362Q,-13.881143569946289,-0.4435616884383333
L362R,-15.37212085723877,-0.5975252573903335
L362S,-15.82052993774414,-0.5584735161963333
L362T,-10.659022331237793,-0.2734388119241666
L362V,-3.1307573318481445,-0.1489413857354999
L362W,-18.318416595458984,-0.284419417106
L362Y,-15.69898796081543,-0.2559279673216666
L364A,-14.785420417785645,-0.1532358660646166
L364C,-11.461142539978027,-0.1129748693103333
L364D,-15.493753433227539,-0.1961870628196667
L364E,-11.291327476501465,-0.1439196552346666
L364F,-14.32094669342041,-0.0590151762486333
L364G,-16.40375518798828,-0.289766287857
L364H,-16.486616134643555,-0.18020448292
L364I,-4.947032928466797,0.0387058143521333
L364K,-12.140547752380371,-0.15267774024294
L364M,-8.739754676818848,-0.1306558168753
L364N,-14.948223114013672,-0.2243020221903333
L364P,-17.362319946289062,-0.1916792381098332
L364Q,-11.952678680419922,-0.1073092760126666
L364R,-13.015661239624023,-0.1329078158757777
L364S,-15.514037132263184,-0.213911751549111
L364T,-13.274005889892578,-0.1496995055144999
L364V,-9.135805130004883,-0.0675640443748332
L364Y,-15.74256706237793,-0.1167783598503333
L369A,-7.614181041717529,-0.1015887647164165
L369C,-10.8135986328125,-0.0989947880955999
L369D,-10.556931495666504,-0.3846686557263334
L369E,-10.001468658447266,-0.193976865033
L369F,-8.33704948425293,-0.0193922271397333
L369G,-12.032312393188477,-0.166534917808
L369H,-11.370498657226562,-0.093208931626
L369I,-4.907376289367676,0.0693932072516333
L369K,-11.241181373596191,-0.30725179499
L369M,-3.260099411010742,-0.0606675076886999
L369N,-11.691926002502441,-0.2729560957486667
L369P,-15.31730842590332,-0.4595314423443333
L369Q,-9.092733383178711,-0.1676555474043333
L369R,-9.526556015014648,-0.3254053300416666
L369S,-8.980112075805664,-0.1329902257106666
L369T,-11.180009841918945,-0.0891492266366666
L369V,-7.685184955596924,0.0529661209097591
L369W,-7.836586952209473,-0.1170121326385666
L369Y,-8.047537803649902,-0.0842865430330333
L396A,-12.250836372375488,0.0847462733095049
L396C,-9.290267944335938,-0.06372197581
L396D,-13.619892120361328,-0.0927201812751
L396E,-11.485798835754395,-0.0894883535311666
L396F,-9.419679641723633,-0.1771353452123999
L396G,-13.591093063354492,0.0353235388006133
L396H,-12.816024780273438,-0.0067734632457
L396I,-6.851675510406494,-0.0976854904494333
L396K,-12.812358856201172,-0.19550623092
L396M,-5.284920692443848,-0.0181466557437
L396N,-11.20486831665039,0.0450847720638666
L396P,-13.58438491821289,-0.0207158945343833
L396Q,-10.738027572631836,0.0126409942992
L396R,-12.07964038848877,-0.0498421332615977
L396S,-12.4087553024292,-0.0055578723603
L396T,-10.517801284790039,0.0028011341935966
L396V,-9.34154987335205,0.0674820838679833
L396W,-12.673017501831055,-0.1817156426956666
L396Y,-12.59106731414795,0.0256300806190633
L408A,-7.711845397949219,-0.0808469677635666
L408C,-6.581730842590332,-0.178923189854
L408D,-11.034978866577148,-0.2289148971593333
L408E,-9.626823425292969,-0.147383706023
L408F,-2.7659530639648438,-0.1230418590419933
L408G,-8.85334587097168,-0.0626232714162
L408H,-8.625848770141602,-0.2097108790726666
L408I,-5.904947757720947,-0.0541551995359333
L408K,-9.026359558105469,-0.3337162480796667
L408M,-6.003046035766602,0.0409893937508
L408N,-8.5541410446167,-0.2255061563546666
L408P,-12.796808242797852,-0.1549522819273333
L408Q,-9.244479179382324,-0.2524287947256666
L408R,-9.253934860229492,-0.2775747117397055
L408S,-7.910490036010742,-0.1350675487127666
L408T,-6.345211982727051,-0.1169711782727166
L408V,-6.531931400299072,-0.1530570851714165
L408W,-7.56558895111084,-0.1791925070634999
L408Y,-5.109644889831543,-0.213272418353
L418A,-12.62963581085205,-0.0919382245370333
L418C,-10.003862380981445,0.077802015689
L418D,-14.296405792236328,-0.3738360802886666
L418E,-12.013782501220703,-0.3630302434116667
L418F,-8.824983596801758,-0.0650637922781
L418G,-16.18758773803711,-0.2452094653039999
L418H,-11.440959930419922,-0.0374607651954333
L418I,-9.488425254821777,-0.0167305146054833
L418K,-11.6864013671875,-0.2798502846603333
L418M,-8.0425386428833,-0.0693178748391
L418N,-12.843096733093262,-0.0403769669742
L418P,-18.534992218017578,-0.2685697369908333
L418Q,-10.484407424926758,-0.0838242804660333
L418R,-11.658056259155273,-0.3622439403607777
L418S,-14.800257682800293,-0.0340802746429633
L418T,-15.190460205078125,0.0109132629429983
L418V,-12.637569427490234,-0.0612050676388666
L418W,-9.94266128540039,-0.1079554986409
L418Y,-8.928776741027832,-0.1588098790103333
L435A,-9.881441116333008,-0.0160098148200666
L435C,-10.026082038879395,-0.0759541392849666
L435D,-11.043018341064453,0.0418145350132666
L435E,-10.907894134521484,-0.0473246028666
L435F,-5.477048873901367,-0.0649780684242333
L435G,-12.679681777954102,-0.0821675374895833
L435H,-9.116905212402344,0.0213763723084999
L435I,-4.969972610473633,-0.1258326098819999
L435K,-9.47912883758545,0.1421895277803333
L435M,-5.276731491088867,0.0205344599398333
L435N,-9.978219032287598,0.0909554684141333
L435P,-10.96868896484375,0.0758094448136333
L435Q,-8.650915145874023,0.0834076776336
L435R,-7.535282611846924,0.0215439559043333
L435S,-9.256855010986328,0.015354793617411
L435T,-5.780035972595215,-0.0223955741967166
L435V,-5.994575500488281,-0.0360636346877166
L435W,-6.0957489013671875,-0.1745932338686666
L435Y,-7.817722797393799,-0.0619809414946
L437A,-10.436569213867188,-0.1199971202434999
L437C,-9.937594413757324,-0.1837040519783333
L437D,-12.252479553222656,-0.4448651031103334
L437E,-11.2552490234375,-0.1400564987112333
L437F,-4.918878078460693,-0.4609878055726666
L437G,-10.87492561340332,-0.148417766943
L437H,-11.029595375061035,-0.2261124071396666
L437I,-8.085214614868164,-0.128958008388
L437K,-13.499011993408203,-0.4737071719893334
L437M,-6.572882652282715,-0.0509513502401666
L437N,-11.179219245910645,-0.0841931502975333
L437P,-15.261678695678711,-0.2412038270759999
L437Q,-11.612857818603516,-0.1232955620959333
L437R,-13.13338565826416,-0.5886030633278888
L437S,-12.387346267700195,-0.1431202054430555
L437T,-12.855415344238281,-0.1500455952604999
L437V,-10.70851993560791,-0.1522422541876666
L437W,-8.910663604736328,-0.1877078382065
L437Y,-7.995248317718506,-0.5310903486959999
L441A,-10.846380233764648,-0.0602331845019442
L441C,-9.748618125915527,-0.0076720614211316
L441D,-9.031811714172363,-0.1021820227949101
L441E,-7.921335220336914,0.0426944489538
L441F,-5.869129180908203,-0.1825978570439606
L441G,-15.157613754272461,-0.229834358425012
L441H,-8.228114128112793,0.0148614638818016
L441I,-8.877737998962402,-0.0471889265687214
L441K,-9.196924209594727,-0.0101323266331194
L441M,-7.0182929039001465,0.0967913520479
L441N,-9.594830513000488,0.0056210298960773
L441P,-15.156105995178223,-0.0591606819536703
L441Q,-9.177885055541992,0.1939311540671322
L441R,-8.436655044555664,0.0422931022920404
L441S,-10.183052062988281,-0.0763773946534923
L441T,-10.80721664428711,-0.0291735088203913
L441V,-10.11782169342041,0.03802078827612
L441Y,-4.167203426361084,-0.0496983871193394
L444A,-6.404375076293945,-0.0551377030134778
L444C,-7.036172389984131,-0.0032564955963074
L444D,-6.220205783843994,-0.0212124224856965
L444E,-3.99215030670166,0.0368955844781
L444F,-4.110904693603516,-0.0460067630971905
L444G,-9.036096572875977,0.0237056279357271
L444H,-5.965195655822754,-0.0313314121669391
L444I,-8.684240341186523,-0.0308029299708099
L444K,-5.404292106628418,-0.0432401739479
L444M,-4.092894554138184,0.0387909271025882
L444N,-5.3888163566589355,-0.0670576643020802
L444P,-13.776630401611328,-0.1094582845071843
L444Q,-4.8839263916015625,0.004517493178918
L444R,-5.64816427230835,-0.0667905069456846
L444S,-6.460585594177246,-0.0705024623486473
L444T,-9.089675903320312,-0.0731174088091235
L444V,-8.369141578674316,-0.0241278634849096
L444W,-5.393544673919678,-0.1562620703095
L444Y,-3.647691011428833,-0.0308507642170528
L447A,-15.454706192016602,-0.066622562913338
L447C,-15.165185928344727,-0.0815208933936433
L447D,-17.852798461914062,-0.5911284861619499
L447E,-16.773874282836914,-0.6032147050784282
L447F,-9.864395141601562,-0.0766060180725928
L447G,-19.821428298950195,-0.4205664745984238
L447H,-16.577770233154297,-0.5082907824626633
L447I,-11.636981964111328,-0.0371328145355546
L447K,-17.773836135864258,-0.4533952183253321
L447M,-8.035453796386719,0.0045852099071055
L447N,-17.27511978149414,-0.5414069800799428
L447P,-20.124114990234375,-0.5276853828494571
L447Q,-14.683741569519043,-0.4060441784185783
L447R,-18.165096282958984,-0.5709917278820317
L447S,-16.064149856567383,-0.2020475776473438
L447T,-15.176093101501465,-0.2092254537002591
L447V,-13.934313774108887,-0.0389788897475155
L447W,-13.011143684387207,-0.1049752512529774
L447Y,-12.952228546142578,-0.1474601901873174
L451A,-15.256681442260742,-0.0573220963835843
L451C,-12.984353065490723,-0.0173106410926405
L451D,-18.27429962158203,-0.4543800566900533
L451E,-15.928192138671875,-0.359714273075
L451F,-10.29159927368164,-0.0728759809144703
L451G,-16.575607299804688,-0.1102848446452244
L451H,-15.675921440124512,-0.1697363660789326
L451I,-14.799234390258789,-0.0036824755400146
L451K,-15.984615325927734,-0.3391731441213026
L451M,-8.565743446350098,-0.0283629540105763
L451N,-15.5048246383667,-0.2504695124640406
L451P,-19.04265785217285,-0.3306338517181915
L451Q,-14.35975170135498,-0.1319432705387856
L451R,-14.35544204711914,-0.3121477620368153
L451S,-16.95449447631836,-0.1207232459224867
L451T,-14.764643669128418,-0.0623098186635819
L451V,-16.90707778930664,-0.0186262343650058
L451W,-12.882492065429688,-0.100248250355797
L451Y,-13.88388442993164,-0.0464258600390767
L466A,-11.429572105407715,-0.1005749303017743
L466C,-11.870257377624512,-0.0161049880281239
L466D,-13.019128799438477,-0.397694099952165
L466F,-9.970549583435059,-0.0592146236154083
L466G,-14.690160751342773,-0.2418933587005357
L466H,-11.0724515914917,-0.0147365986196347
L466I,-6.6365766525268555,0.0203498535848686
L466K,-7.316054344177246,0.0236098952954545
L466M,-6.291741371154785,0.0320724241661155
L466N,-10.2803316116333,-0.0800313300619341
L466P,-18.055831909179688,-0.3929718858573685
L466Q,-8.015641212463379,-0.0590016602337596
L466R,-7.2947306632995605,-0.180698097782626
L466S,-10.861266136169434,-0.144283920370281
L466T,-9.8165283203125,-0.0288317171645966
L466V,-8.340788841247559,0.0046166160109752
L466W,-10.356064796447754,0.1196580382149946
L466Y,-10.129133224487305,0.0229124930267358
L477A,-12.04537582397461,-0.281896519114272
L477C,-9.582460403442383,-0.1041559664955626
L477D,-13.68017292022705,-0.5002569641470463
L477E,-12.486593246459961,-0.4673601050430167
L477F,-10.754049301147461,0.016883930433894
L477G,-14.602384567260742,-0.4299040675434977
L477H,-14.728731155395508,-0.124327765474175
L477I,-11.39101791381836,0.0205289467696742
L477K,-15.91821575164795,-0.3018209390187154
L477M,-7.639821529388428,0.0231092415280547
L477N,-11.526355743408203,-0.2415462085585206
L477P,-18.415681838989258,-0.3819102202946668
L477Q,-12.00091552734375,-0.1235394817102193
L477R,-14.284489631652832,-0.3972490537852344
L477S,-13.936237335205078,-0.3853694345937377
L477T,-13.900416374206543,-0.2134042607913644
L477V,-14.577950477600098,-0.0349204665504774
L477Y,-14.120011329650879,-0.1678158379786873
L487A,-12.311314582824707,-0.0448003000932758
L487D,-14.387899398803711,-0.4705815982367375
L487G,-15.957183837890625,-0.073925546443142
L487H,-13.015484809875488,-0.1530433651388238
L487I,-10.412044525146484,0.1148758329988109
L487M,-8.429494857788086,-0.0573484248137792
L487N,-11.787495613098145,-0.0798355329870778
L487P,-15.38883113861084,-0.1887026144679831
L487Q,-14.168417930603027,0.0577729063216648
L487R,-17.09635353088379,-0.60944178108198
L487S,-12.553388595581055,-0.1202406501201504
L487T,-13.19752025604248,0.0421940284784814
L487V,-11.049664497375488,0.1196805085545286
L493A,-9.62707233428955,-0.1313473902389159
L493C,-9.861913681030273,-0.0105380156033147
L493D,-9.371212005615234,-0.4422185208068352
L493E,-7.690497398376465,-0.173387709824958
L493F,-8.11213493347168,-0.0098068989809556
L493G,-10.761558532714844,-0.3632780327369873
L493H,-10.022419929504395,-0.320928012915202
L493I,-9.420353889465332,-0.0086838454688298
L493K,-8.11780071258545,-0.45799423538353
L493M,-5.70896577835083,-0.0077383463090377
L493N,-9.858759880065918,-0.0368830614458778
L493P,-13.240049362182617,-0.2558171953264642
L493Q,-7.172085285186768,-0.0650154131856665
L493R,-8.382343292236328,-0.3938265554432163
L493S,-8.565958023071289,-0.2166999562269197
L493T,-10.241667747497559,-0.1066976787211448
L493V,-8.144354820251465,0.0743152776378149
L493W,-9.348167419433594,-0.4921965157097699
L493Y,-9.130659103393555,-0.1560258123764416
L507A,-11.954628944396973,0.0210827914284779
L507C,-10.282444953918457,-0.0120036474797838
L507D,-11.074155807495117,-0.1172668442553756
L507E,-9.321131706237793,0.0846377691769088
L507F,-9.387582778930664,0.0550232856710173
L507G,-12.258856773376465,0.0687667673448795
L507H,-12.250621795654297,-0.0108098975832288
L507I,-5.992674827575684,-0.0537983025888743
L507K,-12.385863304138184,0.002179902394117
L507M,-6.450718879699707,0.055146634236934
L507N,-10.090964317321777,-0.0566937483640899
L507P,-17.206417083740234,-0.3408718030770847
L507Q,-9.601490020751953,-0.0423223842875283
L507R,-12.920080184936523,-0.0827432401988981
L507S,-10.140971183776855,0.0581811808994479
L507T,-7.945741653442383,-0.0873981395898626
L507V,-9.216556549072266,-0.0155135899924621
L507W,-12.564667701721191,-0.100036106715725
L507Y,-10.67792797088623,0.0319996620878973
L511A,-7.055975914001465,0.0455125591065952
L511C,-8.554283142089844,-0.0113797375821133
L511D,-10.133049011230469,-0.0123346265558842
L511F,-2.6944808959960938,-0.0319505303262977
L511G,-8.045880317687988,0.0795342402588161
L511H,-6.150331020355225,0.0576407552178961
L511I,-5.274621963500977,0.1087563540196236
L511M,-5.356186389923096,-0.0255007108557717
L511N,-8.607657432556152,0.0874790820666494
L511P,-15.081174850463867,0.0082654447846387
L511Q,-6.371203422546387,0.0055627747131264
L511R,-5.82044792175293,-0.0818014946618642
L511S,-6.952828884124756,0.0993353016539552
L511T,-4.91156005859375,0.0714654685560632
L511V,-5.140833377838135,0.0689927130983181
L511Y,-4.767147541046143,-0.0185927003047282
L528A,-6.044549942016602,-0.0772090117994437
L528C,-7.739553451538086,-0.1273146212820837
L528D,-5.722653388977051,-0.3685458303877983
L528E,-4.355553150177002,-0.3273212134415908
L528F,-4.2520976066589355,-0.0686652518642939
L528G,-7.175289154052734,-0.2780807758615822
L528H,-5.7698259353637695,-0.0651277426852394
L528I,-2.184818983078003,0.0178997872242774
L528K,-4.642657279968262,-0.1039480857268105
L528M,-3.9264395236968994,-0.08000350681457
L528N,-5.324199199676514,-0.1149901741930478
L528P,-11.602256774902344,-0.2292523184755139
L528Q,-5.423375129699707,-0.114369787776632
L528R,-4.879405975341797,-0.0945475009054137
L528S,-6.175217151641846,-0.1900697868976006
L528T,-3.7274091243743896,-0.0239286422054549
L528V,-2.408885955810547,-0.0342279764197386
L528W,-4.688767433166504,0.0263294707564398
L528Y,-3.4932708740234375,-0.0228500876820422
L574A,-7.623812675476074,-0.0275259301603181
L574C,-8.900652885437012,-0.0503007242180232
L574D,-10.556473731994629,-0.126738606956877
L574F,-6.693944454193115,-0.0861027613899173
L574G,-12.3248291015625,-0.0608432156612624
L574H,-8.306366920471191,-0.0316753727950274
L574I,-5.190513610839844,-0.0240013270331344
L574M,-5.629244804382324,-0.0314715548106406
L574N,-7.774498462677002,-0.0215427609949248
L574P,-10.990978240966797,-0.0687546458084028
L574Q,-4.3519158363342285,-0.101769202110169
L574R,-5.014331340789795,-0.0203399401761503
L574S,-8.05113410949707,-0.0188442938894008
L574T,-9.332858085632324,-0.0562269781868089
L574V,-7.686448097229004,-0.0859887197497078
L574Y,-6.592948913574219,-0.0960054777578823
L596A,-9.948736190795898,-0.0242681740964554
L596C,-9.817610740661621,0.025777127621534
L596D,-11.323020935058594,-0.4699003807482733
L596E,-9.978025436401367,-0.302129035892787
L596F,-10.57070541381836,-0.0735300816275408
L596G,-10.88194751739502,-0.2148628200514671
L596H,-10.281726837158203,-0.1195725881899369
L596I,-6.697632312774658,-0.0429239369394175
L596K,-11.45202922821045,-0.2561368703930965
L596M,-5.229655742645264,0.0078166181896009
L596N,-8.367416381835938,-0.2128087457702436
L596P,-14.400426864624023,-0.5307422063685974
L596Q,-7.84013557434082,-0.0638371879712181
L596R,-8.735758781433105,-0.2435305840075136
L596S,-10.283997535705566,-0.1053339351341269
L596T,-8.834126472473145,-0.0351532440124189
L596V,-10.208993911743164,-0.0161635634831838
L596W,-12.251387596130371,-0.2476492652510636
L596Y,-12.334943771362305,-0.1132914231251625
L616A,-1.2446870803833008,0.5255208468684448
L616C,-4.6497602462768555,0.0807663690260597
L616D,-1.2374873161315918,0.0705702158603429
L616E,-1.5600252151489258,0.5000473685495375
L616F,-2.335083484649658,0.016337525717526
L616G,-2.5823750495910645,0.1381101058333836
L616H,-0.6672329902648926,0.2043519428132243
L616I,-5.01337194442749,0.0304769164098617
L616K,1.2441176176071167,1.07771236704
L616M,-2.9704442024230957,0.1088806187859803
L616N,-0.9905710220336914,0.2496478829560406
L616P,-8.222150802612305,0.0504269822734217
L616Q,-0.7233037948608398,0.8874986124016575
L616R,1.06914484500885,1.042142514690009
L616S,-0.48175787925720215,0.3129639456376931
L616T,-0.7696657180786133,0.1388110345171779
L616V,-4.657911777496338,-0.0131197474806418
L616W,-2.424985885620117,-0.119529495656358
L616Y,-2.2405967712402344,0.0462497334751525
L618A,-10.972846984863281,-0.103910888583849
L618C,-9.822147369384766,-0.0571973190858323
L618D,-13.273832321166992,-0.6423091158112606
L618F,-10.549300193786621,-0.0139531485667177
L618G,-13.225615501403809,-0.3567700804503217
L618H,-12.190413475036621,-0.2037033238652127
L618I,-5.835242748260498,0.0286707711264981
L618K,-11.910272598266602,-0.260301194874
L618M,-6.353520393371582,-0.138855424194375
L618N,-10.329764366149902,-0.2715927663589637
L618P,-15.273748397827148,-0.5061611046241722
L618Q,-10.423785209655762,-0.339894110613839
L618R,-12.038848876953125,-0.557196747193396
L618S,-10.049552917480469,-0.0798892402824733
L618T,-8.871909141540527,-0.0600520548603515
L618V,-8.704410552978516,-0.0039761366760061
L618Y,-13.40400218963623,-0.1449605032597723
M363A,-2.8646202087402344,-0.1047332743366499
M363C,-3.876864433288574,-0.04142241242047
M363D,-1.7201972007751465,-0.1067815873333333
M363E,0.1146233081817627,0.0407953163741666
M363F,-2.567699432373047,0.0008326625552666
M363G,-5.048985481262207,-0.1691492761554166
M363H,-1.574263095855713,-0.0179447425348633
M363I,-1.180729627609253,0.02004907471404
M363K,0.021767616271972656,-0.0368517257873
M363L,-1.547605037689209,-0.032320416777911
M363N,-2.4183273315429688,-0.0863433386658333
M363P,-9.281538963317871,-0.2505876198135
M363Q,-1.6913204193115234,-0.0305762757052
M363R,-1.4138538837432861,-0.0824944023664999
M363S,-1.6780292987823486,-0.0120778794355433
M363T,0.04233121871948242,-0.0175371848049166
M363V,-1.249626874923706,0.0049250033660817
M363W,-3.755425453186035,0.035071532551
M363Y,-2.6772713661193848,-0.0195843522505
M384A,-8.386494636535645,-0.0316669023566332
M384C,-6.522377967834473,-0.0467252348158233
M384D,-9.849945068359375,0.0041836303994333
M384E,-8.8974027633667,-0.005568856735
M384F,-5.222875595092773,0.0126228134244666
M384G,-4.084907531738281,-0.0708429329320133
M384H,-7.694738864898682,-0.0302575599938666
M384I,-6.542478561401367,-0.0341927226930666
M384K,-6.199473857879639,-0.2331895447200666
M384L,-0.32875919342041016,-0.0330643951822555
M384N,-7.938356876373291,-0.0717083832572666
M384P,-12.260549545288086,-0.1102960529038332
M384Q,-7.157401084899902,-0.0771422183628
M384R,-6.276506423950195,-0.0647775126580777
M384S,-7.770628452301025,-0.0512055830776888
M384T,-4.597184181213379,-0.0304234466789667
M384V,-8.150374412536621,-0.02891021051375
M384W,-7.069068431854248,0.0201018781639
M384Y,-7.009721279144287,0.0107962469091
M409A,-9.636516571044922,-0.1525973579956666
M409C,-10.419466018676758,-0.1339312990546666
M409D,-10.498494148254395,-0.2571887890143333
M409E,-8.696743965148926,-0.1293641772729333
M409F,-4.795999526977539,-0.0830097478733666
M409G,-13.207334518432617,-0.167706540805
M409H,-6.479093551635742,-0.095227395695
M409I,-4.908241271972656,-0.0629175180951333
M409K,-5.096297264099121,-0.0867837544820666
M409L,-2.3504652976989746,-0.0265452054153222
M409N,-8.722369194030762,-0.1456526397476666
M409P,-14.751260757446289,-0.2688448678671666
M409Q,-7.530204772949219,-0.1092484038353333
M409R,-5.383922576904297,-0.0845367779253333
M409S,-10.625140190124512,-0.1268733873980221
M409T,-8.620338439941406,-0.1154159297626666
M409V,-7.085807800292969,-0.0847135283958999
M409W,-9.301666259765625,0.0045289178529333
M409Y,-4.562828540802002,-0.0515050360758333
M415A,-3.8315391540527344,-0.1378683371664999
M415C,-7.383915424346924,-0.0386886251701333
M415D,-9.190279006958008,-0.3370685616346667
M415E,-8.348753929138184,-0.346383373144
M415F,-7.012892246246338,-0.1973456591243333
M415G,-8.683347702026367,-0.0903915663841333
M415H,-8.91299819946289,0.0949991700893666
M415I,-8.199995994567871,-0.135030754309
M415K,-6.5582661628723145,-0.278021867973
M415L,-3.6742591857910156,-0.1551449089863333
M415N,-6.874452590942383,-0.0333453767503333
M415P,-14.839658737182617,-0.54298956639
M415Q,-5.698747634887695,0.0203606407819966
M415R,-5.334918975830078,-0.4104613695204444
M415S,-5.294654846191406,-0.1249057610415666
M415T,-9.908209800720215,-0.1185445541766833
M415V,-9.777017593383789,-0.158482735524
M415W,-5.948086738586426,-0.428102684468
M415Y,-7.6699299812316895,-0.1855972847643333
M426A,-9.378941535949707,0.0406228019968332
M426C,-7.735262870788574,0.0830543537403
M426D,-11.111730575561523,0.6731502106680001
M426E,-11.007950782775879,0.8384599827533333
M426F,-7.428640365600586,-0.0066605644684
M426G,-12.861328125,0.00713639478
M426H,-7.708568572998047,-0.1016636633446666
M426I,-7.51346492767334,-0.0551634657387999
M426K,-12.724058151245117,0.1462383605929333
M426L,1.2806758880615234,-0.0480296586467332
M426N,-7.613155364990234,-0.0251132035452
M426P,-11.284700393676758,1.1202975951446668
M426Q,-8.582330703735352,-0.0362806629825333
M426R,-12.059320449829102,-0.1363324261649999
M426S,-9.10591983795166,0.1592469693994444
M426T,-7.730356216430664,-0.0805120683360333
M426V,-7.053009986877441,-0.0562861856809666
M426W,-11.873801231384277,-0.397130565406
M426Y,-10.195321083068848,-0.1346007908453333
M436A,-10.181408882141113,0.0436240484390312
M436C,-7.716732501983643,-0.0794476104613333
M436D,-9.146917343139648,-0.0764686483881666
M436F,-11.856575012207031,-0.0693590158418533
M436G,-12.445350646972656,0.2759640112953333
M436H,-8.273165702819824,-0.0796027155197666
M436I,-10.49733829498291,-0.250555383102
M436K,-5.918501853942871,-0.0448747768779999
M436L,-8.638497352600098,-0.1354485684557222
M436N,-7.227268218994141,-0.0715020747223666
M436P,-17.17414093017578,-0.2337466362109999
M436Q,-7.058531761169434,0.07883045583495
M436R,-6.386709690093994,-0.0294753085834333
M436S,-6.8300323486328125,0.0215508324220655
M436T,-9.836942672729492,-0.1489824810769999
M436V,-10.985647201538086,-0.1728020428138
M436W,-9.64711856842041,-0.126296469684
M436Y,-9.411015510559082,-0.0426242434948
M439A,-10.342103004455566,-0.198511004681125
M439C,-8.15251350402832,-0.179580916102
M439D,-10.209075927734375,-0.2289873115666666
M439E,-6.073572635650635,-0.094776618429
M439F,-8.579524040222168,-0.412642997383
M439G,-12.828407287597656,-0.3816479446
M439H,-10.630342483520508,-0.4350157818669999
M439I,-8.983272552490234,-0.1620382657133333
M439K,-5.874729633331299,-0.0907731320771666
M439L,-5.099661827087402,-0.0457083854772888
M439N,-8.961581230163574,-0.3156090648826666
M439P,-17.57969856262207,-0.41118790477525
M439Q,-5.547394752502441,-0.08419821282845
M439R,-8.686388969421387,-0.1852752313339999
M439S,-8.98910903930664,-0.2323107162679999
M439T,-7.187007904052734,-0.12123132061695
M439V,-7.9538187980651855,-0.1875627624992666
M439Y,-10.541510581970215,-0.243183166013
M467A,-9.735432624816895,0.114385502283177
M467C,-4.086207389831543,0.0185015872384028
M467D,-11.732898712158203,-0.3931082417857883
M467F,-8.555120468139648,-0.0174613199993504
M467G,-14.087824821472168,-0.0659057012534379
M467H,-11.289044380187988,-0.2813842979930177
M467I,-4.584695816040039,-0.038626772792646
M467K,-12.28231430053711,-0.036643185599053
M467L,0.5710048079490662,0.0018640891735495
M467N,-8.555673599243164,-0.0858235128773899
M467P,-16.35606575012207,-0.4533534876500943
M467R,-12.530088424682617,-0.3081558983190321
M467S,-10.971904754638672,0.0315003513492629
M467T,-7.3698015213012695,-0.0184951952991696
M467V,-5.500240325927734,-0.0577870534488308
M467Y,-10.412933349609375,-0.302705309051609
M472A,-4.3935227394104,-0.0032203104692163
M472C,-7.079151153564453,-0.0020017348205989
M472D,-7.368346691131592,-0.0439577235561369
M472F,-6.591429710388184,-0.0359910602671086
M472G,-7.652984142303467,0.0255998963804095
M472H,-6.873140811920166,0.0394777105210248
M472I,-4.721323490142822,0.0428449613200092
M472K,-5.450903415679932,0.0147876065982119
M472L,-1.674863338470459,-0.0251502536556655
M472N,-6.579956531524658,0.0298476938669717
M472P,-11.320890426635742,-0.5134126222680888
M472Q,-3.1042487621307373,0.0257055556449053
M472R,-4.694794654846191,0.052912622973606
M472S,-5.761673927307129,-0.0030892540168018
M472T,-8.313228607177734,-0.0208126247820288
M472V,-8.853496551513672,0.0007997436940326
M472W,-9.590972900390625,0.09547783490383
M472Y,-6.741425037384033,-0.0150695147069733
M474A,-8.776999473571777,-0.0088817141343067
M474C,-6.618786334991455,0.0604359664367249
M474D,-12.550790786743164,-0.4491475694773896
M474E,-11.77097225189209,-0.161624694395059
M474F,-9.847630500793457,0.0161735412201816
M474G,-14.361860275268555,-0.0439471055067927
M474H,-12.641413688659668,-0.165331762950234
M474I,-8.858333587646484,-0.1081351043492804
M474K,-12.42926025390625,-0.2728266620564113
M474L,-4.193612575531006,-0.0204731737018221
M474N,-9.399191856384277,-0.0718321189908369
M474P,-16.302980422973633,-0.4753486703652968
M474Q,-10.371122360229492,-0.0727351026302823
M474R,-11.55244255065918,-0.4823914465651386
M474S,-11.400023460388184,-0.0865008432456072
M474T,-11.15534782409668,-0.090629298719302
M474V,-9.079153060913086,-0.0846641416753365
M474Y,-12.604896545410156,-0.1430891870172973
M554A,-8.920146942138672,-0.0906033954269033
M554C,-7.650941848754883,-0.0767522509219224
M554D,-12.759635925292969,-0.6478318625279447
M554F,-8.103657722473145,-0.0934291914035291
M554G,-9.939391136169434,-0.3397174532779257
M554H,-12.001062393188477,-0.3514483415839726
M554I,-9.245148658752441,-0.0638432918676885
M554K,-10.763826370239258,-0.3611937811805097
M554L,-6.775059700012207,-0.0647675885706763
M554N,-11.510488510131836,-0.3507881755399516
M554P,-16.48276710510254,-0.67806632270215
M554Q,-9.033567428588867,-0.1959662046218633
M554R,-10.246735572814941,-0.5600069590308708
M554S,-12.127422332763672,-0.1423478713739955
M554T,-14.328994750976562,-0.1038330348281799
M554V,-11.586746215820312,-0.077365228646254
M554Y,-8.505949974060059,-0.3433258656458733
M568A,-10.263077735900879,0.0008568280629292
M568C,-11.397287368774414,0.0331911629788217
M568D,-10.574649810791016,-0.1164230234929034
M568E,-8.601310729980469,-0.11953929642757
M568F,-6.444281578063965,-0.017423738819705
M568G,-12.935362815856934,-0.0669678552441098
M568H,-8.718339920043945,-0.0046425145818618
M568I,-11.402116775512695,-0.0011765172924352
M568K,-2.032050132751465,0.0788066999226307
M568L,-3.5573153495788574,-0.0221892193119452
M568N,-10.803093910217285,-0.0383977615119856
M568P,-14.9308500289917,-0.2575827894543011
M568Q,-8.57437515258789,0.0090065851106585
M568R,-2.9214162826538086,-0.0305545529012094
M568S,-10.672712326049805,-0.0567942224198264
M568T,-13.023416519165039,-0.0499188941219938
M568V,-13.695333480834961,-0.0210975994330898
M568W,-7.483089447021484,-0.100064078279034
M568Y,-6.142796516418457,0.002007521168317
M583A,-8.017053604125977,-0.0608514566252174
M583C,-8.180154800415039,-0.1273202911485977
M583D,-9.127047538757324,-0.126745236882247
M583E,-7.367759704589844,-0.0307039452225797
M583F,-10.532286643981934,-0.148343063184597
M583G,-14.517539978027344,-0.1308061827873164
M583H,-11.75985336303711,-0.1395090980661276
M583I,-3.9989185333251953,-0.0574514221156272
M583K,-9.42868423461914,-0.0655586386649485
M583L,-1.2798194885253906,-0.0434044513953375
M583N,-9.777725219726562,-0.0798719812188328
M583P,-6.653510570526123,-0.0512009632114273
M583Q,-5.937209606170654,-0.0775342807294752
M583R,-8.452892303466797,-0.3342225976099469
M583S,-10.469820976257324,-0.0729300359985916
M583T,-10.206721305847168,-0.1223517156753844
M583V,-6.747544765472412,-0.0760569615262009
M583W,-10.228089332580566,-0.2129725343387633
M583Y,-11.099092483520508,-0.0877152030090934
M593A,-7.482842445373535,-0.019447333034234
M593C,-5.428586959838867,-0.0482959276718905
M593D,-11.814997673034668,-0.5120919588787194
M593E,-8.871379852294922,-0.2852238959380779
M593F,-8.326074600219727,-0.0256218426180224
M593G,-13.648372650146484,-0.1004848673215493
M593H,-10.124143600463867,-0.1069259830786196
M593I,-4.362854957580566,-0.0053882182064214
M593K,-11.645196914672852,-0.2092651646309926
M593L,-4.355192184448242,-0.0675524823986255
M593N,-8.599967002868652,-0.2009708460200966
M593P,-13.693211555480957,-0.0049641768414695
M593Q,-8.359543800354004,-0.1065588214781804
M593R,-10.124258041381836,-0.4043321950499421
M593S,-9.44440746307373,-0.0880329429081867
M593T,-7.651796340942383,-0.013205365266625
M593V,-3.6262011528015137,-0.1071302624712044
M593W,-8.80982494354248,-0.177584833486081
M593Y,-9.146454811096191,-0.0144350551452838
M597A,-10.513687133789062,-0.0254116313033607
M597C,-7.048845291137695,-0.0602285831174343
M597D,-15.095126152038574,-0.5223936751401886
M597E,-12.719873428344727,-0.432537787723397
M597F,-11.46953296661377,-0.1092703917832967
M597G,-13.767477035522461,-0.3844587909271241
M597H,-12.670698165893555,-0.4641066932194126
M597I,-3.278670310974121,-0.0349852404608456
M597K,-12.515523910522461,-0.2945298097880927
M597L,-8.245697021484375,-0.0644110432409528
M597N,-11.053319931030273,-0.3189577137775243
M597P,-16.906545639038086,-0.5680179954348721
M597Q,-7.542929649353027,-0.0091293049968987
M597R,-11.522822380065918,-0.4839450103113478
M597S,-10.796183586120605,-0.1108778429394841
M597T,-9.319211959838867,-0.0385044197718074
M597V,-7.847109794616699,-0.0935685302398726
M597Y,-12.013385772705078,-0.5062885590511603
N373A,-4.330409049987793,-0.0030727759759
N373C,-6.577493190765381,-0.0414942206304499
N373D,-4.217789649963379,-0.0757075985207666
N373E,-5.147215366363525,0.204774993567
N373F,-3.0117526054382324,-0.1581938113219999
N373G,-4.4170732498168945,-0.0543843023885
N373H,-4.584050178527832,-0.095082296672
N373I,-4.672791481018066,-0.1431726990276666
N373K,-4.241028785705566,-0.1026747895860666
N373L,-3.287707805633545,-0.0453931397519444
N373M,-4.653257846832275,-0.0504499934508333
N373P,-6.104572296142578,-0.6398085404630001
N373Q,-4.211629867553711,-0.0329114728123933
N373R,-2.5823616981506348,-0.3196961701081111
N373S,-3.757706642150879,-0.1665238027067666
N373T,-3.9556074142456055,-0.1318259338263999
N373V,-4.968898773193359,0.05192925550095
N373W,-4.0205888748168945,-0.119777654403
N373Y,-3.438112258911133,-0.1829522576463333
N400A,-3.9584221839904785,-0.0498844136441333
N400C,-7.479637145996094,-0.189723595272
N400D,-2.5149729251861572,0.1036193996144333
N400F,-6.884377479553223,-0.271747926618
N400G,-5.907474517822266,0.0108767870509666
N400H,-5.170032024383545,-0.0508766907427333
N400I,-6.727149486541748,-0.1164403123462999
N400K,-3.574573040008545,-0.0649402820027
N400L,-4.945751190185547,-0.2015953267694999
N400M,-6.980039596557617,-0.210163626126
N400P,-3.2183268070220947,-0.1197471629663666
N400Q,-4.59116792678833,-0.075202975013
N400R,-5.960301399230957,-0.0629005661576833
N400S,-3.7225866317749023,0.0766943254660444
N400T,-4.118995189666748,0.0021415378051167
N400V,-6.201115608215332,-0.0996631070746
N400W,-8.291410446166992,-0.3177860050476667
N400Y,-6.342103481292725,-0.150895030356
N420A,-3.423922061920166,-0.0820403775566999
N420C,-0.2776975631713867,-0.02609226392402
N420D,-6.731598854064941,-0.1499435002996666
N420E,-8.529436111450195,-0.1284112263012333
N420F,-5.833323001861572,-0.1284867679766
N420G,-10.643475532531738,-0.0649725699875499
N420H,-0.5836949348449707,-0.01099327575348
N420I,-11.784357070922852,-0.205232064018
N420K,-7.487825393676758,-0.3209580661936667
N420L,-11.015992164611816,-0.0894599445892014
N420M,-6.158489227294922,-0.0777584956804333
N420P,-10.629228591918945,-0.5427878558853333
N420Q,-6.355256080627441,-0.1180446326763999
N420R,-10.026884078979492,-0.1917401134512222
N420S,-6.228152751922607,-0.0140161273935908
N420T,-9.915681838989258,-0.1659263124663333
N420V,-10.012758255004883,-0.2542764707754999
N420W,-7.35379695892334,-0.1036931581748
N420Y,-6.143641948699951,-0.0843146600004333
N448A,-5.678801536560059,-0.0862767561767865
N448C,-6.012819766998291,-0.0675881713862888
N448D,-2.219393253326416,-0.0079697271934047
N448F,-10.348554611206055,-0.1217783750230556
N448G,-7.9490227699279785,-0.0074163873334264
N448H,-7.240771293640137,-0.0189658129940941
N448I,-10.585609436035156,-0.1756730115209233
N448K,-6.498193740844727,-0.0947281520985
N448L,-9.431305885314941,-0.1260599347935098
N448M,-9.910200119018555,-0.226142525
N448P,-11.638971328735352,-0.0782976032727963
N448Q,-6.652731418609619,-0.044916058540641
N448R,-6.531342029571533,-0.058572080509647
N448S,-4.807089805603027,-0.0289974536814854
N448T,-7.9280877113342285,-0.0692194713874194
N448V,-8.177416801452637,-0.0733657440433585
N448Y,-9.040948867797852,-0.1194195192559419
N462A,-5.108159065246582,-0.0405588290571237
N462C,-6.769816875457764,-0.0262630196021177
N462D,-2.7389745712280273,-0.0544205167198722
N462E,-1.3080296516418457,0.0325248983244814
N462F,-8.912554740905762,-0.1136454074946599
N462G,-7.346251010894775,-0.0158469916616257
N462H,-4.197444438934326,-0.0293514447038133
N462I,-9.346601486206055,-0.0392602750453319
N462K,-5.104071140289307,0.0147504343493818
N462L,-8.401371002197266,-0.0567199644864219
N462M,-5.974371910095215,-0.0114433846267225
N462P,-12.097871780395508,-0.1680817080751479
N462Q,-2.5339460372924805,0.0169419787234182
N462R,-5.162525177001953,0.0232103013935136
N462S,-4.24654483795166,-0.0055802395298014
N462T,-3.7773470878601074,0.0209115244131679
N462V,-7.417479038238525,-0.0927647367294614
N462W,-9.704408645629883,-0.1091308715102388
N462Y,-9.373584747314453,-0.0867689764762624
N481A,-6.562899112701416,-0.0115004544369324
N481C,-8.61378002166748,-0.0027729707330115
N481D,-3.4686191082000732,-0.0460256236974191
N481E,-4.429572105407715,0.08616548524255
N481F,-9.067100524902344,-0.0323143900194799
N481G,-6.314174652099609,0.0865008316083117
N481H,-4.936375617980957,-0.0036785281285496
N481I,-8.909165382385254,-0.145288655530636
N481K,-3.8328728675842285,0.069155952718
N481L,-8.005353927612305,0.02241194911268
N481M,-8.938058853149414,-0.049528199792903
N481P,-13.049703598022461,-0.1445343172612638
N481Q,-5.386369228363037,-0.0137895545714866
N481R,-5.330350399017334,0.0514062284270459
N481S,-5.393418312072754,0.0048324953798396
N481T,-7.498388767242432,-0.0468995250142642
N481V,-7.885666847229004,-0.1032946427425895
N481Y,-8.894680976867676,-0.0118814233183615
N491A,-13.880049705505371,-0.4036373396110986
N491D,-10.977645874023438,-0.2056827052554266
N491F,-10.976417541503906,-0.262861626650375
N491H,-8.943129539489746,-0.5041984626787404
N491I,-15.126289367675781,-0.403634031916184
N491L,-13.296961784362793,-0.461858517942501
N491P,-21.406234741210938,-0.4349269569265768
N491R,-10.770536422729492,-0.4206346542977799
N491S,-10.606443405151367,-0.3465566006623134
N491T,-11.092148780822754,-0.4396062024696655
N491Y,-11.929668426513672,-0.3601148570374423
N496A,-10.850440979003906,-0.0183892889400982
N496C,-7.626965045928955,-0.1001829168933893
N496D,-7.327723503112793,0.0068619100907971
N496E,-11.333038330078125,-0.0098966559212528
N496F,-13.27406120300293,-0.2840775099962053
N496G,-6.74735689163208,0.0280060168498654
N496H,-11.674485206604004,-0.03233176117167
N496I,-14.605796813964844,-0.43146718600097
N496K,-12.481465339660645,-0.0685180475086529
N496L,-13.458953857421875,-0.2888879139102663
N496M,-11.076656341552734,-0.1928282880634903
N496P,-17.517505645751953,-0.321854129135138
N496Q,-11.49263858795166,-0.0076602078944354
N496R,-11.559449195861816,-0.0705072596718357
N496S,-6.296839714050293,-0.0079394058575953
N496T,-8.98806095123291,-0.0458938539007253
N496V,-14.632288932800293,-0.3491942447455886
N496Y,-12.851919174194336,-0.1925100698239446
N516A,-3.915714740753174,0.0519477102802958
N516C,-6.881834030151367,0.0691393053086936
N516D,-2.1909427642822266,0.0159458245785352
N516E,-3.7393579483032227,0.0975408299792636
N516F,-6.016358852386475,0.0135764200347129
N516G,-3.7238821983337402,0.0049427993089301
N516H,-5.45192289352417,0.0418289314956743
N516I,-5.779705047607422,0.0015173269395682
N516K,-3.037562847137451,0.0836479895862083
N516L,-4.3639140129089355,0.0582596942706763
N516M,-6.233804702758789,0.0929210439965463
N516P,-9.429306030273438,0.0366561320199918
N516Q,-4.732545852661133,0.0300702287361278
N516R,-5.10561990737915,0.1158158220086561
N516S,-2.8262810707092285,0.0026441216588699
N516T,-3.3045644760131836,0.0401368054857555
N516V,-5.2920989990234375,0.0701244783778635
N516W,-7.259458541870117,0.1588346908451686
N516Y,-5.883767604827881,0.0173191705639224
N537D,-4.759418487548828,-0.1216749339389861
N537I,-6.65207576751709,-0.0227171946230999
N537S,-4.524632453918457,0.0230331400416006
N537T,-6.729371070861816,-0.1433109452157301
N537Y,-4.873652458190918,-0.0458001025359132
N579A,-3.035057306289673,-0.0187841244459974
N579C,-7.957196235656738,-0.126499844212226
N579D,-5.494009971618652,-0.0164005058626392
N579E,-4.973356246948242,0.0012926747571094
N579F,-9.005349159240723,-0.0077446818906382
N579G,-5.798821449279785,-0.0097162339082474
N579H,-6.852974891662598,-0.0126114628084122
N579I,-10.23872184753418,-0.1236878330625166
N579K,-0.9565916061401367,0.0054092409519411
N579L,-6.3236083984375,-0.1444705923232478
N579M,-6.841437339782715,0.0661339401745374
N579P,-11.0327787399292,-0.1099196352422084
N579Q,-4.677398681640625,-0.00717454158711
N579R,-2.318826675415039,0.0732434192811613
N579S,-2.107062816619873,0.0612518677738117
N579T,-6.549315452575684,-0.0027101025019833
N579V,-9.752655029296875,-0.0918823011292485
N579Y,-8.071399688720703,-0.0314588525356139
P390A,-8.747208595275879,0.0184703690551166
P390C,-11.721919059753418,-0.0633782461738333
P390D,-6.204892158508301,-0.0023950959629666
P390E,-6.9939494132995605,-0.120709004404
P390F,-11.210040092468262,-0.0916207784860333
P390G,-11.417346954345703,-0.07516611403955
P390H,-9.409171104431152,-0.0322937353847666
P390I,-12.950822830200195,-0.149836515345
P390K,-7.340175628662109,-0.0258563776806333
P390L,-10.518678665161133,-0.0754420821403555
P390M,-10.063667297363281,-0.0847559444059
P390N,-7.330596446990967,0.0279093911333666
P390Q,-8.191313743591309,0.0129195884686
P390R,-8.11871337890625,-0.0504564144522633
P390S,-7.747430324554443,0.0238767704368333
P390T,-9.564830780029297,-0.0887420599956166
P390V,-12.058368682861328,-0.1266466965436999
P390W,-11.850563049316406,-0.186673906
P390Y,-10.794591903686523,-0.1040761342777
P402H,-7.926339149475098,-0.1107198727142666
P402L,-6.8342132568359375,-0.0719990418361399
P402S,-5.110975742340088,-0.0699236533434666
P402T,-6.623917579650879,-0.1027343267260666
P421A,-6.849286079406738,-0.0856635959344666
P421C,-9.361279487609863,0.0419530987167
P421D,-13.846323013305664,-0.1816039507621
P421E,-12.261829376220703,0.129241522644
P421F,-12.829794883728027,0.0143306140406999
P421G,-11.98459529876709,-0.10341670817345
P421H,-12.50725269317627,0.0003859064101999
P421I,-9.809762001037598,-0.054460385
P421K,-11.433826446533203,-0.0499661732895
P421L,-13.83671760559082,-0.0718114033174134
P421N,-10.711929321289062,-0.0463480191265333
P421Q,-9.474475860595703,-0.0433645346125333
P421R,-9.737249374389648,-0.0047244210215788
P421S,-7.249220848083496,-0.0898798651027999
P421T,-9.292170524597168,-0.0530064479832499
P421V,-9.786840438842773,-0.0542677317726666
P421W,-13.931682586669922,-0.23959689888
P443A,-7.854624271392822,-0.0176581856254576
P443C,-12.980658531188965,-0.0367390447703535
P443D,-7.185767650604248,-0.0257045328608104
P443E,-6.169268608093262,0.0341949905334635
P443F,-7.704254150390625,-0.0716806804787437
P443G,-10.307586669921875,0.0114891463375394
P443H,-8.262937545776367,-0.0003438941319601
P443I,-10.2695894241333,-0.1407422533781443
P443K,-8.6974515914917,-0.015213105179663
P443L,-10.108466148376465,-0.1226925220976746
P443M,-10.00121784210205,-0.0527406366144438
P443N,-8.377084732055664,-0.0330936324156999
P443Q,-9.680665969848633,-0.0471506421952254
P443R,-9.771332740783691,-0.0018356382179193
P443S,-6.620183944702148,-0.0165636841102204
P443T,-9.241585731506348,-0.0089177254521771
P443V,-11.112011909484863,-0.1564891450075496
P443W,-9.014822959899902,-0.0180854242751455
P443Y,-6.968016624450684,-0.0318130891125354
P446A,-3.4252943992614746,-0.0657465542929658
P446C,-4.460735321044922,0.1172126181993734
P446D,-7.4775238037109375,0.3740282417366638
P446E,-4.37745475769043,-0.0616664222093855
P446F,-8.407183647155762,-0.3662073568319199
P446G,-8.314618110656738,-0.079538311095
P446H,-7.762363433837891,0.0128627427651225
P446I,-8.71303939819336,0.0668281286705
P446K,-6.372074127197266,-0.214457808798
P446L,-10.739696502685547,-0.1235519301790499
P446N,-5.36699914932251,0.1902177828390131
P446Q,-4.573921203613281,-0.0323561478941224
P446R,-5.107619762420654,-0.0592254791285684
P446S,-2.6026411056518555,0.0042835859709335
P446T,-3.7455520629882812,0.0659879302981838
P446V,-3.9631848335266113,0.0233137574171986
P446W,-7.393130302429199,-0.323367333948
P446Y,-7.017680644989014,-0.1146849590165
P527A,-4.760476112365723,-0.2066417534358101
P527C,-7.441715717315674,-0.4271773573327157
P527D,-6.316461563110352,-0.4660955077874782
P527E,-8.338464736938477,-0.438963738281335
P527F,-9.16537094116211,-0.4535166896500253
P527G,-3.940009117126465,-0.4596197764305307
P527H,-7.463045120239258,-0.4616625128654343
P527K,-8.00037956237793,-0.4071380125122206
P527L,-7.667058944702148,-0.4107203386597346
P527M,-7.9613237380981445,-0.460910756841103
P527N,-3.724522829055786,-0.480005443450405
P527Q,-7.12979793548584,-0.3220624774415753
P527R,-9.151357650756836,-0.4553899552207754
P527S,-5.465000152587891,-0.2406634716793632
P527T,-6.9745259284973145,-0.4176754486569805
P527V,-7.9438676834106445,-0.5070148372323195
P527W,-10.289728164672852,-0.439003990691707
P527Y,-8.618546485900879,-0.4809291198513157
P533A,-10.831900596618652,-0.119489962288389
P533C,-13.08836555480957,-0.2729523054362691
P533D,-14.994553565979004,-0.5253411466629011
P533E,-12.893450736999512,-0.2886038742760543
P533F,-14.112682342529297,-0.4235195578053731
P533G,-17.007490158081055,-0.3521209205149344
P533H,-13.901172637939453,-0.2173837094468833
P533I,-12.756375312805176,-0.2213320987324254
P533K,-13.382719039916992,-0.5077844246606629
P533L,-15.780670166015625,-0.2845793965624288
P533M,-13.66306209564209,-0.2104861084978739
P533N,-13.526437759399414,-0.2403655160359376
P533Q,-12.946357727050781,-0.2000548516690421
P533R,-14.731926918029785,-0.4572153938280452
P533S,-11.438851356506348,-0.254621588955473
P533T,-12.46877384185791,-0.2625301846989725
P533V,-10.081077575683594,-0.1940834887152316
P533W,-14.357315063476562,-0.3124749448826838
P533Y,-12.855806350708008,-0.4365455296839621
P564A,-6.936025142669678,-0.0912158148580104
P564C,-8.78758430480957,-0.0773096217346494
P564D,-14.826750755310059,-0.5168905865081554
P564F,-17.71681022644043,-0.3951421529831195
P564G,-13.950243949890137,-0.444040587169862
P564H,-16.392436981201172,-0.477274982754069
P564I,-15.257617950439453,-0.0574545400479454
P564L,-18.056589126586914,-0.1355387367341256
P564M,-14.491005897521973,-0.197082277763
P564N,-14.149453163146973,-0.5015590723151047
P564Q,-14.272953033447266,-0.5738442313288377
P564R,-15.1737699508667,-0.630982144424546
P564S,-7.339795112609863,-0.2131877779107799
P564T,-11.420661926269531,-0.0837707709824448
P564V,-10.038590431213379,0.1814655221432064
P564Y,-17.16213035583496,-0.4977337472882107
P575A,-12.383309364318848,0.0227417016035728
P575C,-15.618110656738281,-0.1408561333238642
P575D,-14.455196380615234,0.043155199071033
P575E,-14.318196296691895,-0.0558604157869814
P575F,-16.27732276916504,-0.1382745575956034
P575G,-14.96712875366211,0.0628040376833513
P575H,-15.910097122192383,-0.0098077081698369
P575I,-15.292476654052734,-0.125845115215046
P575L,-15.562788963317871,-0.1053483733134813
P575N,-14.11855411529541,-0.0466509683165945
P575Q,-13.354907035827637,0.0682757307828786
P575R,-12.639171600341797,0.0042018184866458
P575S,-12.468749046325684,0.031722758141759
P575T,-13.93221664428711,-0.0804892703754449
P575V,-15.291810989379883,-0.1069006826900766
P575W,-17.644195556640625,-0.0973793645705
P575Y,-16.908767700195312,-0.0941855369158024
P586A,-14.66850757598877,-0.1216401520164795
P586C,-17.948848724365234,-0.1639360614017446
P586D,-20.22369956970215,-0.1343970947812804
P586E,-19.409826278686523,-0.0707369801854591
P586F,-20.17380142211914,-0.2120649553337276
P586G,-19.45743179321289,-0.0800615537821298
P586H,-21.436437606811523,-0.1066798617765807
P586I,-22.577695846557617,-0.094824530431888
P586K,-20.89287567138672,-0.1534514421050234
P586L,-24.369070053100586,-0.1484689756739701
P586M,-19.523847579956055,-0.1364667291467483
P586N,-22.153888702392578,-0.1086521619410333
P586Q,-18.856143951416016,-0.0831036821496044
P586R,-20.607324600219727,-0.1899604979771681
P586S,-14.945917129516602,-0.087228085496651
P586T,-18.843608856201172,-0.0750904576009058
P586V,-20.851306915283203,-0.1463957303273775
P586W,-20.475963592529297,0.120230843268699
P586Y,-20.716678619384766,-0.1460426798971076
P590A,-10.034427642822266,-0.0499663243195572
P590C,-13.2599458694458,-0.064299280463888
P590D,-9.512250900268555,0.0085898021861545
P590F,-11.269464492797852,-0.1856897364795775
P590G,-11.290287017822266,0.0376566221593917
P590H,-9.846238136291504,-0.0604225893716278
P590I,-15.819568634033203,-0.172712070320412
P590K,-13.289909362792969,0.165667537398
P590L,-13.558464050292969,-0.1442942582181444
P590M,-12.966934204101562,-0.0204377802706905
P590N,-11.964631080627441,-0.0518678528981954
P590Q,-13.149457931518555,-0.0780179378818099
P590R,-13.155980110168457,-0.0049411549033693
P590S,-10.921040534973145,-0.0426547862332519
P590T,-14.371184349060059,-0.012548902159883
P590V,-15.224868774414062,0.0235825681827253
P590Y,-10.395418167114258,-0.0737887225782195
P609A,-13.7457275390625,-0.0010222238322855
P609C,-14.362266540527344,0.0026927313468044
P609D,-14.37646198272705,-0.0653144687114295
P609E,-12.341379165649414,0.0036346997547113
P609F,-14.604487419128418,-0.0803025136754484
P609G,-15.053525924682617,-0.1215400710236504
P609H,-15.272071838378906,-0.0591773062560583
P609I,-14.531232833862305,-0.0160568108103581
P609K,-14.745880126953125,-0.0417463636885131
P609L,-13.301412582397461,0.0276384955601448
P609M,-12.667096138000488,0.0438035924767828
P609N,-16.586780548095703,-0.0477307025249808
P609Q,-13.515116691589355,-0.0124582109587905
P609R,-14.954944610595703,-0.019457071757274
P609S,-13.135123252868652,-0.0081998408416471
P609T,-13.751962661743164,-0.0283010864048079
P609V,-14.412816047668457,0.0039090336086256
P609W,-14.216764450073242,-0.0266258275762255
P609Y,-14.160497665405273,-0.0467822114432993
Q361A,-4.402724266052246,0.009226306406075
Q361C,-6.536982536315918,0.0499545714384666
Q361D,-1.0387697219848633,-0.0470778743741
Q361E,-4.271780490875244,-0.0436377413866666
Q361F,-7.050159454345703,-0.0174269566184
Q361G,-10.261011123657227,-0.0563690881823999
Q361H,-5.2588653564453125,0.0163780106209166
Q361I,-13.170038223266602,-0.097867916922
Q361K,-2.364407777786255,-0.0301237413275666
Q361L,-5.43464994430542,0.1478858288685583
Q361N,-1.927988052368164,0.1074845245639
Q361P,-12.148704528808594,-0.1526184173613333
Q361R,-2.0132923126220703,-0.0097824528970777
Q361S,-4.019068717956543,0.013241150465811
Q361T,-5.715090274810791,-0.0811106511621665
Q361V,-10.881586074829102,-0.0276199584106749
Q361W,-6.511416435241699,-0.03203324707485
Q361Y,-6.299063205718994,-0.0492754220529
Q417A,-5.924006462097168,-0.0253977857560117
Q417C,-7.160928726196289,-0.1704184817099999
Q417D,-5.977189064025879,-0.0192217041456666
Q417E,-3.564267635345459,-0.0678568930445333
Q417F,-6.978957176208496,-0.0687892125107666
Q417G,-5.891702651977539,-0.0012039712034666
Q417H,-6.0519843101501465,-0.0182439557462666
Q417I,-7.760932922363281,-0.172154803093
Q417K,-3.3879215717315674,-0.0206926521900499
Q417L,-3.879662275314331,-0.0301992537972255
Q417M,-5.294031143188477,-0.0399221529579
Q417N,-5.8599066734313965,0.011540706762
Q417P,-12.894596099853516,-0.2335666294743333
Q417R,-4.889206409454346,-0.0192146874995889
Q417S,-4.047142505645752,-0.0680248817873555
Q417T,-3.4523754119873047,-0.0635010128642666
Q417V,-8.571739196777344,-0.1756053336881666
Q417W,-8.335691452026367,-0.0667231978296666
Q417Y,-7.017443656921387,-0.0326321782924
Q452A,-3.464000701904297,0.0224890027508163
Q452C,-8.555006980895996,0.0250040054515613
Q452D,-7.268923282623291,0.0203110295332689
Q452E,-4.615390300750732,-0.0111749996618422
Q452F,-8.785314559936523,0.0009356773109519
Q452G,-7.345108509063721,-0.0408338710390828
Q452H,-8.24105453491211,0.0075827552147837
Q452I,-8.573673248291016,-0.0039748460034216
Q452K,-3.44138240814209,-0.0602010495488427
Q452L,-8.608697891235352,-0.0154156048514917
Q452M,-7.446380138397217,0.046655243203145
Q452N,-7.813994884490967,0.0076672431972499
Q452P,-12.232030868530273,-0.015333496780387
Q452R,-4.682085990905762,0.0542547126435351
Q452S,-5.3419599533081055,-0.005349648128939
Q452T,-5.894556522369385,-0.0047922811935502
Q452V,-7.279203414916992,0.0750193636344923
Q452Y,-8.848673820495605,-0.0111430345497741
Q457A,-6.752399444580078,0.0022784740443861
Q457C,-8.541380882263184,0.1813491784527023
Q457D,-4.887772560119629,0.0273882167129702
Q457E,-2.368844985961914,0.0830288102301453
Q457F,-8.991190910339355,0.0312640562246706
Q457G,-9.86960220336914,0.0291573385354112
Q457H,-7.651259422302246,0.0038593570832002
Q457I,-8.76037883758545,0.034090481188308
Q457K,-3.9501991271972656,0.0407985556705019
Q457L,-6.981452941894531,0.1380660010783523
Q457M,-7.631186008453369,0.0668387226576998
Q457N,-6.855231285095215,0.0110009813371939
Q457P,-13.67039966583252,-0.0275022588065469
Q457R,-5.509712219238281,0.0583732502216681
Q457S,-5.109188079833984,0.0484698468950764
Q457T,-4.947677135467529,0.0200345550813883
Q457V,-7.885505676269531,-0.0241616950108062
Q457W,-10.095243453979492,0.045962949351047
Q457Y,-8.61275577545166,0.0002935934322451
Q469A,-9.246789932250977,0.0088379907698872
Q469C,-10.330891609191895,0.1925912059307475
Q469D,-11.92573070526123,-0.0659928273854401
Q469F,-8.871106147766113,-0.0983035837262311
Q469G,-11.325566291809082,0.186588201471428
Q469H,-10.447354316711426,0.0326936916183474
Q469K,-8.135322570800781,0.1943729678521846
Q469L,-7.986138343811035,-0.2338061268507177
Q469N,-10.971434593200684,0.0378390777968344
Q469P,-15.769628524780273,-0.5132092074944464
Q469R,-8.882575988769531,-0.059858880107861
Q469S,-9.261064529418945,-0.0051826700588211
Q469T,-11.785764694213867,-0.0723789994573548
Q497A,-4.5122880935668945,-0.0056093913004699
Q497C,-8.027629852294922,-0.0214406709084967
Q497D,-4.8373870849609375,0.0012689332899935
Q497E,-1.1336565017700195,0.0471865506632709
Q497F,-4.105526447296143,-0.0824896215081165
Q497G,-8.732805252075195,-0.0079537713895771
Q497H,-4.632935047149658,0.003744244407272
Q497I,-3.5268399715423584,-0.0980825365944081
Q497K,-2.3739078044891357,-0.0174661424345038
Q497L,-4.670506477355957,-0.0618082538712816
Q497M,-3.4151716232299805,-0.0256187516509782
Q497N,-5.325865268707275,0.0287449273107011
Q497P,-7.85118293762207,-0.0050627610579742
Q497R,-2.8556759357452393,0.0261538019249808
Q497S,-4.1817731857299805,0.0168169176947606
Q497T,-4.05208158493042,-0.0086082078366802
Q497V,-4.415488243103027,-0.0161185737002852
Q497W,-4.292996406555176,-0.0418547466458613
Q497Y,-4.279763698577881,-0.0164980177580151
Q562A,-2.085845947265625,-0.011473577756395
Q562C,-6.738714694976807,-0.052737851830411
Q562D,-0.025955677032470703,-0.0511118613109482
Q562E,-0.6439337730407715,-0.0514691374596108
Q562F,-7.81130313873291,-0.057241184396174
Q562G,-1.5930888652801514,-0.0240940013004727
Q562H,-6.415196418762207,-0.04615686597201
Q562I,-9.524158477783203,-0.049559425992213
Q562K,-3.3107337951660156,-0.1120709820330437
Q562L,-4.800176620483398,-0.051809098811638
Q562M,-5.952661514282227,0.007514200764727
Q562N,-3.8166747093200684,-0.0329687702861307
Q562P,-10.037850379943848,-0.1304628529321044
Q562R,-4.009191513061523,-0.0543272949704655
Q562S,-2.772263526916504,-0.0448617234204956
Q562T,-5.92983865737915,-0.0387448449997854
Q562V,-7.886713027954102,-0.0026852092158841
Q562W,-7.847155570983887,0.062965954891232
Q562Y,-6.709641456604004,-0.0510243046240678
Q571A,-3.003478765487671,-0.0196625617794265
Q571C,-5.098264694213867,-0.0444773883204712
Q571D,-2.1294150352478027,-0.0896800232701661
Q571F,-4.052093029022217,-0.0582365821795708
Q571G,-3.913405418395996,-0.1210412284232826
Q571H,-3.9567980766296387,-0.0246934695712518
Q571I,-3.2416915893554688,-0.0283178434862668
Q571K,-1.536773920059204,0.0228615023681139
Q571L,-4.397747993469238,0.0028668701033847
Q571M,-4.476172924041748,0.0340205147757751
Q571N,-2.0537469387054443,-0.0656821714162276
Q571P,-8.316646575927734,-0.0467943203101316
Q571R,-3.2625932693481445,-0.0249764396393292
Q571S,-1.741581916809082,-0.0355958518549939
Q571T,-2.7040886878967285,-0.0141645391295362
Q571V,-3.1896824836730957,-0.032492448768751
Q571W,-2.758946180343628,0.0815307998830374
Q571Y,-3.754476547241211,-0.0827466385898976
R359A,-3.3468093872070312,-0.1111866838338332
R359C,-7.766266345977783,-0.0798871684251666
R359D,-5.405333518981934,-0.2261409272836666
R359E,-3.2936244010925293,-0.0411767006603999
R359F,-6.711395263671875,-0.0518687781354333
R359G,-9.182050704956055,-0.1202443724676
R359H,-4.123470306396484,-0.0949726898056666
R359I,-3.5361602306365967,-0.2221658821233333
R359K,-1.5751843452453613,-0.0664055149111
R359L,-6.259794235229492,-0.2129052056422221
R359M,-6.336956024169922,-0.157293598633
R359N,-5.531620025634766,-0.2686152893993333
R359P,-3.5619699954986572,-0.0547422835681499
R359Q,-4.164186000823975,-0.1215342893733333
R359S,-3.0175507068634033,-0.1707479079235555
R359T,-5.66849422454834,-0.1419421358466666
R359V,-4.612886428833008,-0.1530274728314999
R359W,-6.992002487182617,-0.217408072368
R359Y,-5.107168197631836,-0.158796351753
R385A,-5.579039573669434,0.0038332199076733
R385C,-7.6401872634887695,0.0386092129207333
R385D,-5.706799507141113,0.1484319685476333
R385E,-6.399349689483643,0.066333029190695
R385F,-6.114223480224609,-0.0214095431694066
R385G,-5.507790565490723,0.372997763987
R385H,-6.037744522094727,0.0445105062134666
R385I,-4.9087910652160645,0.0250107285556333
R385K,-2.3076772689819336,-0.00135773307567
R385L,-5.224108695983887,0.0455204802182711
R385M,-4.9196577072143555,-0.1159728644698666
R385N,-2.9772794246673584,-0.0433586958475333
R385P,-9.038841247558594,-0.020349431243825
R385Q,-4.738979339599609,0.0961410374428666
R385S,-3.0216145515441895,0.0226629886975
R385T,-3.7567903995513916,-0.0475741666800666
R385V,-6.195322036743164,0.0558953485779982
R385W,-7.236439228057861,0.0575032624445
R385Y,-5.629631042480469,0.0317986008296799
R425A,-9.601319313049316,-0.0996369095615
R425C,-12.142982482910156,-0.1640031067543333
R425D,-10.633493423461914,0.1355801532863333
R425E,-7.840231895446777,0.1256197249906333
R425F,-12.188194274902344,-0.2027052907526666
R425G,-9.244877815246582,0.0609689311604999
R425H,-7.418456077575684,-0.0399064412493666
R425I,-12.995513916015625,-0.3715833784986666
R425K,-4.16094970703125,0.0747970583418
R425L,-5.775945663452148,-0.3090697163422222
R425M,-8.856160163879395,-0.2117719774243333
R425N,-5.703235149383545,-0.0262783838168333
R425P,-11.296121597290039,0.0902698891767999
R425Q,-3.3615784645080566,0.03479442675453
R425S,-8.823739051818848,-0.0009081690410556
R425T,-11.395502090454102,-0.0615960074274333
R425V,-13.899223327636719,-0.3094752995751666
R425W,-12.299142837524414,-0.2903019242726666
R425Y,-12.443975448608398,-0.1016992719398333
R485A,-8.988906860351562,0.1533020344985077
R485D,-12.61900520324707,-0.0694761155455558
R485F,-14.239240646362305,-0.1279662300140386
R485G,-11.002275466918945,0.1313845884303376
R485H,-11.577897071838379,-0.2154415160287537
R485I,-11.819925308227539,-0.1494294810290346
R485L,-13.507383346557617,-0.0006318277731566
R485M,-10.247650146484375,0.0864277615631263
R485N,-11.490653991699219,0.3746770440915927
R485P,-16.75484848022461,-0.4795021087159543
R485Q,-7.773724555969238,0.0439879885801764
R485S,-8.607784271240234,0.0413645683689277
R485T,-7.464694976806641,-0.0085576241571275
R485V,-10.987054824829102,-0.0090455642515642
R490A,-6.515262603759766,-0.3971815162140014
R490C,-6.080758094787598,-0.305174560364297
R490D,-4.823606491088867,-0.3829298474488506
R490E,-5.685328483581543,-0.4495448654790779
R490F,-8.238089561462402,-0.494659667733312
R490G,-2.6648406982421875,-0.3297007995582341
R490H,-6.123656749725342,-0.2371325310978753
R490I,-5.709347248077393,-0.4877705057044119
R490K,-4.7418622970581055,-0.3266721038003516
R490L,-8.202901840209961,-0.456578678596966
R490M,-7.3499579429626465,-0.4894442994763859
R490N,-5.104153633117676,-0.4391503159525303
R490P,-12.352397918701172,-0.4376994365313786
R490Q,-5.748424530029297,-0.3206660293323253
R490S,-3.649702787399292,-0.3750355009970216
R490T,-5.950918674468994,-0.4232106163864394
R490V,-5.958049774169922,-0.4157840924505396
R490W,-8.564872741699219,-0.5500375365697153
R490Y,-7.1450371742248535,-0.4384993861041359
R582A,-9.146876335144043,-0.1023593113966698
R582C,-8.413775444030762,-0.123808202871914
R582D,-10.511232376098633,-0.256166584539832
R582E,-9.041872024536133,-0.173625014021347
R582F,-7.325375556945801,-0.0496406741143146
R582G,-10.36516284942627,-0.1585373761720019
R582H,-6.370789051055908,-0.0697246185885201
R582I,-6.1965789794921875,-0.0810011874121447
R582K,-5.682494640350342,-0.1171501424959897
R582L,-4.130712985992432,-0.0482000430774754
R582M,-6.102592945098877,-0.187081318938903
R582N,-8.74946403503418,-0.0881937541599807
R582P,-13.968059539794922,-0.1003524607913216
R582Q,-5.855349540710449,-0.0082194365360807
R582S,-8.869552612304688,-0.0787052187166556
R582T,-7.156783103942871,-0.0531766411333183
R582V,-7.066884517669678,-0.0337756649758979
R582W,-7.297635555267334,-0.0520035289614554
R582Y,-6.8240766525268555,-0.0503553709367131
R608A,-15.723950386047363,-0.5319951087958054
R608C,-14.303367614746094,-0.5709166998398669
R608D,-15.170910835266113,-0.6834453011378571
R608F,-18.678024291992188,-0.577137187720458
R608G,-19.325868606567383,-0.6837333112935691
R608H,-16.77975082397461,-0.5841929089567266
R608I,-14.511348724365234,-0.7101440484272343
R608L,-15.347209930419922,-0.616316111813307
R608N,-16.9012393951416,-0.7029770161757326
R608P,-17.687503814697266,-0.3501666214127265
R608S,-16.349788665771484,-0.5438290486917318
R608T,-13.674774169921875,-0.6293815794778979
R608V,-14.90673542022705,-0.646819625700959
R608Y,-17.017457962036133,-0.6311140256991623
R617A,-4.61928653717041,-0.02268746107564
R617C,-9.377828598022461,-0.0015576530004213
R617D,-6.301033020019531,-0.0569246750829162
R617E,-6.48397970199585,0.0601559451427208
R617F,-10.492860794067383,-0.0058210506641456
R617G,-9.07906436920166,-0.0936848960094497
R617H,-7.831533908843994,-0.0236072993450744
R617I,-9.786293029785156,-0.0369310582943828
R617K,-3.243305206298828,0.0486173031999693
R617L,-6.604971885681152,-0.0163479357935499
R617M,-7.283757209777832,-0.127216324322649
R617N,-6.136314392089844,-0.0558342522063168
R617P,-11.299457550048828,-0.2188484547740778
R617Q,-5.734833240509033,-0.0080655229791309
R617S,-5.0628509521484375,-0.0415286723132208
R617T,-7.603686332702637,-0.008705877819311
R617V,-9.10366439819336,0.0379109440341025
R617Y,-10.282408714294434,0.0518318375593445
R619A,-5.655381202697754,-0.068117411925033
R619C,-6.460177898406982,-0.1479643156294048
R619D,-6.749167442321777,0.0024351629330819
R619F,-6.395214557647705,0.022847249489371
R619G,-5.001010417938232,-0.038780498615406
R619H,-6.1420087814331055,-0.0431907707752818
R619I,-9.206039428710938,-0.0430644988712626
R619K,-6.030614852905273,-0.0247519786397874
R619L,-5.284465789794922,-0.0087015571355658
R619M,-6.5791096687316895,0.0023902406777076
R619N,-5.146350860595703,0.0059136918743196
R619P,-13.467073440551758,-0.5884708159955081
R619Q,-5.352629661560059,-0.0168750528485956
R619S,-4.091573715209961,-0.079918442042566
R619T,-5.381251335144043,-0.0779920534523642
R619V,-10.58253002166748,-0.0215041140102169
R619W,-6.589901924133301,0.133195820433067
R619Y,-5.93697452545166,-0.0828622341571346
S371A,-5.288494110107422,0.0093355759566849
S371C,-9.869871139526367,-0.0283998479626833
S371D,-8.35583209991455,0.02930729665158
S371E,-5.437619686126709,-0.0240389058619333
S371F,-9.524754524230957,-0.0199050691996866
S371G,-6.6976318359375,-0.0308218033687366
S371H,-7.113430500030518,-0.0072750786379416
S371I,-7.490095615386963,-0.0435050004642333
S371K,-4.569742202758789,-0.109261697006
S371L,-10.52961254119873,-0.0759949919613666
S371M,-8.206609725952148,-0.0466714850071666
S371N,-6.8604736328125,-0.0407585556082333
S371P,-10.285421371459961,-0.2933848005634999
S371Q,-5.860579490661621,0.0019052045929333
S371R,-4.42819881439209,-0.0533428284629999
S371T,-4.038680076599121,-0.0782489945348666
S371V,-6.7333478927612305,-0.0422798886504099
S371W,-12.117110252380371,-0.153061839087
S371Y,-9.658373832702637,-0.1041536817532
S398A,-3.335136651992798,0.0297735445970299
S398C,-7.888998985290527,0.04729003341302
S398D,-1.6232972145080566,0.065341911189
S398F,-6.620487213134766,-0.1330935046333333
S398G,-5.568851947784424,0.0683500652155666
S398H,-3.4226768016815186,0.0031191250850766
S398I,-5.330124855041504,-0.2184287145583333
S398K,-1.7977936267852783,0.0191888066937
S398L,-4.071721076965332,-0.1686622639153333
S398N,-2.2040369510650635,0.0536415120189333
S398P,-2.709625482559204,-0.0821642625393166
S398Q,-3.1788554191589355,0.0289680683672333
S398R,-3.4166862964630127,-0.0262924575652333
S398T,-3.5414397716522217,-0.0728466397709833
S398V,-4.507556915283203,-0.0914695361765499
S398Y,-5.799252033233643,-0.0936955170998666
S434A,-3.099249839782715,-0.0191329468946666
S434C,-8.829639434814453,0.0499092293143666
S434D,-2.854398727416992,-0.0980412182355
S434E,-3.9833202362060547,0.103234476
S434F,-10.743189811706543,-0.0899739097816666
S434G,-6.632191181182861,-0.0667700024675
S434H,-7.001404285430908,-0.0158876009748333
S434I,-13.649198532104492,-0.0295666902087666
S434K,-6.660664081573486,0.0024373760873966
S434L,-10.825830459594727,0.0423534029821267
S434N,-3.3879833221435547,-0.0512261593375
S434P,-12.609524726867676,-0.0660974315601
S434Q,-4.887461185455322,0.0747461536276666
S434R,-7.354678630828857,-0.0188498432140842
S434T,-6.989263534545898,0.0327019562994333
S434V,-10.860734939575195,-0.0299623348938667
S434W,-13.002643585205078,-0.0652876882855
S434Y,-9.823832511901855,-0.0492260189355666
S471A,-3.0336618423461914,0.0357745211592955
S471C,-8.286294937133789,-0.0111142257459839
S471D,-10.852803230285645,-0.4797248328075086
S471E,-12.822599411010742,-0.4391743779776529
S471F,-15.253756523132324,-0.4506782219254277
S471G,-10.345258712768555,-0.0097344645280656
S471H,-14.9797945022583,-0.4643107761032117
S471I,-16.352611541748047,-0.1079729560471073
S471K,-12.176566123962402,-0.466312288737448
S471L,-13.917879104614258,-0.1235229384726861
S471M,-12.701634407043457,-0.313654202392072
S471N,-13.101785659790039,-0.0946318492128793
S471P,-14.377216339111328,-0.4626040271115178
S471Q,-12.876716613769531,-0.4832896491809142
S471R,-12.701087951660156,-0.4677397435585598
S471T,-7.782628536224365,-0.0229833438505276
S471V,-12.357002258300781,-0.0523490779336791
S471W,-16.42909812927246,-0.4925346561065363
S471Y,-14.492666244506836,-0.4951248891534269
S503A,-1.4176020622253418,0.0596011168330726
S503C,-5.362337112426758,0.190022098324369
S503D,-9.411161422729492,-0.372923261548464
S503E,-9.280717849731445,-0.4374260353477077
S503F,-11.111544609069824,-0.1430599372583383
S503G,-6.1034698486328125,0.0973186386736144
S503H,-11.439756393432617,-0.0621908988865888
S503I,-12.735611915588379,0.0297225988995822
S503K,-8.545368194580078,-0.454911754674
S503L,-12.112869262695312,-0.2843704232169563
S503M,-7.41310453414917,-0.0166593069509945
S503N,-7.771132469177246,-0.0207117018607508
S503P,-11.289083480834961,-0.4033815211956545
S503Q,-9.61415958404541,-0.2559453180272736
S503R,-9.39353084564209,-0.4418920631387684
S503T,-8.178908348083496,0.0204970490236346
S503V,-11.03050422668457,-0.1242861607331372
S503W,-12.642105102539062,-0.432548667211926
S503Y,-13.220852851867676,-0.36908843315037
S508A,-3.9728028774261475,0.0124353640094567
S508C,-5.765717506408691,0.0260361499812623
S508D,-6.560732841491699,-0.5205884382783377
S508F,-5.701412200927734,-0.4163370518225897
S508G,-6.3232269287109375,-0.0294377240959343
S508H,-5.6986494064331055,-0.3907313336938143
S508I,-2.4520373344421387,-0.2358113127226173
S508K,-5.230968475341797,-0.3897857881135
S508L,-2.7569479942321777,-0.1738466061120147
S508M,-3.846365213394165,-0.0378411784149744
S508N,-5.038433074951172,-0.321455757075403
S508P,-10.15403938293457,-0.4349920373057598
S508Q,-4.729792594909668,-0.410119742751212
S508R,-4.738747596740723,-0.3346643654711846
S508T,-3.8431975841522217,-0.0671369516950695
S508V,-2.4894015789031982,-0.1114787570224667
S508Y,-4.976645469665527,-0.4345911332159577
S542A,-9.054570198059082,0.0567058553189211
S542C,-8.163030624389648,0.0313665650978453
S542D,-10.670907974243164,0.0692657984131981
S542F,-9.763023376464844,0.0765460220044562
S542H,-9.474739074707031,-0.0025953117707502
S542I,-9.341106414794922,-0.0554502136871679
S542K,-10.178628921508789,-0.0616401422207023
S542L,-8.867721557617188,0.0827008839245295
S542M,-7.264284133911133,0.1086971688653758
S542N,-9.924381256103516,0.1126409777539714
S542P,-17.361385345458984,-0.0716969472339253
S542Q,-8.86798095703125,0.0215905737188628
S542R,-9.887471199035645,-0.0019373137600314
S542T,-3.670417308807373,-0.0572593766153967
S542V,-9.909040451049805,0.0950613008210964
S542W,-9.294588088989258,0.111521743870921
S542Y,-9.776524543762207,0.1099510739722641
S543A,-4.949467658996582,0.0072804337801003
S543C,-6.894414901733398,-0.0312012002805171
S543D,-7.781688213348389,-0.0529318840607215
S543E,-6.1631574630737305,-0.0198051009434101
S543F,-9.307662963867188,0.035804563949765
S543G,-10.218953132629395,-0.0061225095182028
S543H,-4.849992752075195,-0.0685685970061981
S543I,-7.062282085418701,0.0343910416815578
S543K,-6.361001491546631,0.077643413102564
S543L,-11.097673416137695,-0.0372941867588264
S543M,-7.548087120056152,0.0366538272753695
S543N,-6.144829273223877,-0.0038760613726321
S543P,-5.370901584625244,0.0921776036417724
S543Q,-4.517882347106934,0.0465380938991056
S543R,-8.284668922424316,-0.0016948186940415
S543T,-3.371664524078369,0.0164361573286285
S543V,-4.398358345031738,0.0125638626523038
S543W,-9.068513870239258,0.0970315063448223
S543Y,-8.301913261413574,0.0538206553641074
S545A,-6.545615196228027,-0.1238397320866936
S545C,-8.430365562438965,-0.1105807419541833
S545D,-11.765250205993652,-0.4632076154330073
S545E,-10.657927513122559,-0.2963209176622285
S545F,-13.58249282836914,-0.4321955984705383
S545G,-4.69002628326416,-0.1033606832052718
S545H,-12.82593822479248,-0.490590374640037
S545I,-14.439952850341797,-0.224878124170235
S545K,-13.821123123168945,-0.6472780016705659
S545L,-14.513249397277832,-0.131149163804226
S545M,-12.542985916137695,-0.0291084901450674
S545N,-11.848520278930664,-0.0406645310210348
S545P,-15.170720100402832,-0.5635969680314311
S545Q,-11.637388229370117,-0.1415697076214259
S545R,-13.199122428894043,-0.6166156720184052
S545T,-9.786365509033203,-0.057732917976156
S545V,-15.02529239654541,-0.0634089511393779
S545Y,-11.88661003112793,-0.5697498173614394
S549A,-4.850226402282715,0.0544691347981213
S549C,-12.290365219116211,-0.173798751562491
S549D,-13.165210723876953,-0.583148279972373
S549E,-12.547454833984375,-0.214366500041549
S549F,-15.831587791442871,-0.646128882385385
S549G,-7.837256908416748,-0.0759279437843398
S549H,-15.58236312866211,-0.2922270051822154
S549I,-18.043087005615234,-0.404765224137107
S549L,-15.629154205322266,-0.4747006948737693
S549M,-10.295614242553711,0.181838008974516
S549N,-13.153185844421387,-0.192211789468654
S549P,-14.358386993408203,-0.6454093021938588
S549Q,-9.439603805541992,-0.1805206785805246
S549R,-13.058444023132324,-0.6236006140253278
S549T,-13.01688289642334,-0.134146797643375
S549V,-17.373245239257812,-0.607166869061176
S549Y,-15.699390411376953,-0.6432970435226114
S559A,-7.878042221069336,-0.0399436624943886
S559C,-9.002416610717773,-0.0438330496116074
S559D,-10.462462425231934,-0.0709172917103721
S559E,-10.215343475341797,-0.047276807249917
S559F,-14.641617774963379,-0.2133239886296556
S559G,-8.545165061950684,-0.0353605073220417
S559H,-8.998026847839355,-0.0929617237406049
S559I,-17.720640182495117,-0.208956956295761
S559K,-10.308231353759766,-0.0998597036248279
S559L,-13.444798469543457,-0.3406188576104
S559M,-10.691707611083984,-0.1075855012796836
S559N,-6.80328369140625,-0.0476978159211947
S559P,-13.65774917602539,-0.6763722697220715
S559Q,-8.982548713684082,-0.0736902810908819
S559R,-8.932511329650879,-0.1130111421817844
S559T,-8.56657886505127,-0.0216982947797002
S559V,-14.963088035583496,-0.1293968197728212
S559W,-14.976318359375,-0.203495134767241
S559Y,-11.902787208557129,-0.1365905474937318
S626A,-4.621415615081787,-0.2339078716728075
S626L,-9.46142292022705,-0.0994876873008959
S626P,-17.56186294555664,-0.1092216946257399
S626T,-7.472151279449463,-0.1594337872818642
T376A,-7.016252517700195,-0.1075652208633333
T376C,-8.601410865783691,-0.0572209584752333
T376D,-7.974959373474121,-0.0807968650293999
T376E,-6.491764545440674,-0.07862069346485
T376F,-8.69819450378418,0.0323438440834966
T376G,-11.077987670898438,-0.199873838214
T376H,-8.205504417419434,-0.0400537430645
T376I,-6.304866790771484,0.0459021160449
T376L,-8.027262687683105,-0.0204081879132085
T376M,-8.733641624450684,0.0948568522707
T376N,-6.477517127990723,-0.0560541022207
T376P,-11.525793075561523,-0.6780534465073333
T376Q,-6.988852024078369,-0.0017581308211666
T376R,-5.860595226287842,-0.0371652868087449
T376S,-4.684442520141602,-0.0979868772925944
T376V,-4.272483825683594,-0.0742062290291333
T376W,-9.937312126159668,-0.144240713941
T376Y,-9.325151443481445,-0.0631973596912333
T459A,-7.822081089019775,0.0212854543455036
T459C,-10.72708511352539,0.0277602324097794
T459D,-7.351986408233643,0.01450480845585
T459E,-8.12636947631836,0.0176493552812714
T459F,-10.098767280578613,-0.0170589444011339
T459G,-8.066679000854492,0.030843038770727
T459H,-10.631681442260742,0.0079930519417526
T459I,-11.357624053955078,-0.0278668259671284
T459K,-6.714725494384766,0.138145327019747
T459L,-9.463094711303711,-0.0232794660955544
T459M,-9.14990520477295,-0.0272213699914797
T459N,-8.708369255065918,0.0221518773491522
T459P,-10.532774925231934,0.0141152180774943
T459Q,-9.470117568969727,0.0346036474445856
T459R,-8.450336456298828,-0.0052980977299261
T459S,-1.8886173963546753,0.0352697717623146
T459V,-12.144551277160645,0.0241747353805224
T459W,-11.648098945617676,-0.1128432296086003
T459Y,-10.44095516204834,-0.0022515806436571
T522A,-3.8370373249053955,0.0082227794939048
T522C,-7.320624828338623,-0.0152727471859571
T522D,-3.2789669036865234,0.0728264680074179
T522E,-2.473801612854004,-0.0023417823988506
T522F,-5.04729700088501,-0.0009129333676531
T522G,-3.334545373916626,0.0824687206995366
T522H,-5.104208946228027,0.0492817169226405
T522I,-4.153283596038818,0.0238710918193929
T522L,-4.537745952606201,0.0830656290145312
T522N,-4.167223930358887,0.0365303696399373
T522P,-6.336508274078369,0.0051530245535215
T522Q,-4.234918594360352,0.0490302548949216
T522R,-4.11476469039917,0.0341044235909551
T522S,-3.810142755508423,0.0593302546796125
T522V,-3.7426412105560303,-0.0108740829913556
T522Y,-4.793478965759277,0.0415561950385066
T553A,-8.388528823852539,-0.0279133953989112
T553C,-6.201770782470703,0.0326342166902591
T553D,-13.17221736907959,-0.5167079196293317
T553E,-11.386672019958496,-0.4002793682544299
T553F,-9.862037658691406,0.0182653718333041
T553G,-12.800378799438477,-0.1354755062964905
T553H,-12.772491455078125,-0.1252768130508586
T553I,-12.487378120422363,-0.0149557084833383
T553K,-13.816856384277344,-0.302858089137301
T553L,-3.8624234199523926,0.5426339111505549
T553M,-6.484521865844727,0.1310917887482351
T553N,-10.480161666870117,-0.098439668639299
T553P,-15.573538780212402,-0.6684712758532587
T553Q,-11.991935729980469,-0.0960156397710839
T553R,-13.006311416625977,-0.6631169862657855
T553S,-8.347182273864746,-0.0649638666429914
T553V,-9.791363716125488,-0.0164303730046152
T553Y,-11.388092041015625,-0.182122925405911
T602A,-8.666769981384277,-0.0400790302407322
T602C,-6.454899311065674,-0.0418657505221118
T602D,-7.497543811798096,0.0209101220910796
T602E,-4.1805644035339355,-0.0489570307558559
T602F,-11.184432983398438,-0.083443273138593
T602G,-10.10168743133545,-0.0255854217078139
T602H,-9.401015281677246,0.0093371841148719
T602I,-4.951119899749756,-0.0973690645984269
T602K,-4.082416534423828,0.040683435006079
T602L,-7.07647180557251,-0.0295758336721403
T602M,-6.79459810256958,-0.1068387247062583
T602N,-6.683835983276367,-0.0332826155446768
T602P,-13.342194557189941,-0.1520044618336996
T602Q,-4.966546058654785,-0.0077243420635931
T602R,-6.405847549438477,0.0938496416013346
T602S,-7.816331386566162,0.0328632120786526
T602V,-5.625823497772217,-0.0398556396545251
T602W,-12.53240966796875,-0.0642353419721397
T602Y,-10.204954147338867,-0.0560018525867787
V377A,-11.168636322021484,-0.0835477004290333
V377C,-10.748770713806152,-0.0309733753334333
V377D,-11.475865364074707,-0.583049139559
V377F,-7.727315902709961,-0.355856133289
V377G,-13.82849407196045,-0.274012926549
V377H,-10.697294235229492,-0.5311533478266667
V377I,-4.671059608459473,0.0518310313031133
V377K,-11.129597663879395,-0.469730313901
V377L,-8.538769721984863,-0.1237367915805
V377N,-10.447162628173828,-0.452292791714
V377P,-17.073604583740234,-0.64779057817175
V377Q,-10.7199068069458,-0.495006860697
V377R,-9.693799018859863,-0.604428887798
V377S,-11.610974311828613,-0.2754932012674444
V377T,-8.104570388793945,-0.1884080986153333
V377Y,-7.79803991317749,-0.441974474056
V381A,-10.079614639282227,-0.1251223475236999
V381C,-8.480788230895996,-0.0726490192644
V381D,-11.840530395507812,-0.0827024715906666
V381E,-8.103368759155273,-0.2370799140056666
V381F,-6.780743598937988,0.110122500977905
V381G,-12.250375747680664,-0.07482248568145
V381H,-8.815415382385254,-0.1327686944585333
V381I,-2.039506435394287,-0.0394075402177333
V381K,-4.903685569763184,0.08521987535558
V381L,-6.344359397888184,0.0356291248678
V381N,-8.790090560913086,-0.1139827575989999
V381P,-15.273459434509277,-0.6057196830195
V381Q,-8.64603042602539,-0.1470617047188666
V381R,-5.1238203048706055,-0.0819428053307582
V381S,-7.723025798797607,-0.0989309481815888
V381T,-3.528623580932617,-0.0778564964590316
V381W,-7.9574127197265625,-0.1218250698216499
V381Y,-7.646258354187012,-0.065291232
V391A,-13.777502059936523,-0.0848946140562832
V391C,-10.819879531860352,0.205436775762
V391D,-19.18036651611328,-0.57943552515
V391F,-19.370092391967773,-0.226902628252
V391G,-18.981687545776367,-0.0887868646419
V391H,-21.426090240478516,-0.262712652738
V391I,-6.5419721603393555,-0.0047798624238333
V391L,-13.31851577758789,-0.117588519169
V391N,-18.949262619018555,-0.213012567924
V391P,-14.640013694763184,-0.6111973828715
V391Q,-19.221012115478516,-0.469033211854
V391R,-17.935958862304688,-0.2636247847395
V391S,-14.760293960571289,-0.066077355923
V391T,-10.33926010131836,0.00695002687945
V391Y,-20.160320281982422,-0.141447813757
V393A,-11.513084411621094,-0.0576148853442999
V393C,-8.283126831054688,0.0554644824867
V393D,-16.588428497314453,-0.6043339066136666
V393E,-16.571975708007812,-0.2809613117313334
V393F,-18.052148818969727,-0.157105736189
V393G,-20.02332878112793,-0.0746661784131201
V393H,-17.33085823059082,-0.4087383424903333
V393I,-8.38382339477539,-0.0467903782175333
V393K,-17.01478385925293,-0.6197620876969999
V393L,-14.45073413848877,-0.0685216087218221
V393M,-14.763607025146484,-0.1000036245414966
V393N,-14.273807525634766,-0.1823671955873333
V393P,-15.301873207092285,-0.5386349976335001
V393Q,-16.067644119262695,-0.3267803407696666
V393R,-17.594642639160156,-0.3058180237638333
V393S,-12.652832984924316,-0.0125766990042166
V393T,-9.253286361694336,-0.0308648821791783
V393W,-20.141616821289062,-0.0509825197333
V393Y,-18.713523864746094,-0.0105134164574333
V395A,-7.689816474914551,-0.0241874019711999
V395C,-7.65339994430542,-0.0765385753048999
V395D,-9.238280296325684,-0.1465209450558333
V395E,-3.910027027130127,-0.105280808802
V395F,-9.349674224853516,-0.0628873487649
V395G,-9.996744155883789,-0.1054117628807666
V395H,-6.551943778991699,-0.0541745134751333
V395I,-3.0823850631713867,-0.0381844232529666
V395K,-5.487301349639893,0.0137621654521399
V395L,-5.712764739990234,-0.0308946654285
V395M,-5.985913276672363,0.015044747386585
V395N,-7.266720771789551,-0.0269250143941333
V395P,-11.979574203491211,-0.6151394916296666
V395Q,-5.730794906616211,0.0243085822258666
V395R,-6.942072868347168,0.0188209728960844
V395S,-7.030618190765381,0.0175904492003655
V395T,-5.898186683654785,0.0708368369331499
V395W,-10.567766189575195,-0.0160696108054999
V395Y,-8.872821807861328,-0.0131423378703
V404A,-8.004454612731934,-0.1040107103103333
V404F,-9.879578590393066,-0.220924328605
V404I,-2.9634838104248047,-0.0587577789712333
V424A,-11.738946914672852,0.0021706901403682
V424C,-8.211026191711426,-0.01614910751
V424D,-13.92676830291748,-0.1650697142046666
V424E,-11.35555648803711,0.0114367270855499
V424F,-15.782591819763184,-0.0908523600226
V424G,-15.298646926879883,0.1027402257243333
V424H,-15.075942993164062,-0.1459976054596666
V424I,-6.585216045379639,0.0278538291764333
V424K,-12.418647766113281,-0.0788924712549333
V424L,-8.469242095947266,0.1124528769393833
V424M,-8.425741195678711,0.4608785179555
V424N,-11.594191551208496,-0.0386662541883666
V424P,-18.5981388092041,0.4487484315416666
V424Q,-9.37151050567627,-0.140725029824
V424R,-11.218235969543457,0.0230464744525666
V424S,-11.34611701965332,0.0540352649951955
V424T,-6.572476387023926,0.0482686383412483
V424Y,-14.929935455322266,-0.1671665504526666
V438A,-12.262945175170898,-0.005443142710285
V438C,-8.219770431518555,-0.0344914387932799
V438D,-16.0401554107666,-0.6038239200353334
V438E,-17.177352905273438,-0.1837538243866666
V438F,-16.662473678588867,-0.1557101543776666
V438G,-16.96556854248047,-0.1276656153018999
V438H,-17.726774215698242,-0.270259148416
V438I,-7.333196640014648,-0.0580405866761
V438L,-12.719263076782227,-0.0735067665946032
V438M,-14.368732452392578,-0.1174665443637
V438N,-15.398512840270996,-0.0914837639099333
V438P,-14.213859558105469,-0.1587402913846666
V438Q,-17.92909049987793,-0.2244445624416666
V438R,-19.795257568359375,-0.6146517897601667
V438S,-12.551318168640137,-0.0282081664829188
V438T,-10.156482696533203,-0.02844685887947
V438W,-19.492626190185547,-0.3186962572205
V438Y,-18.718172073364258,-0.3978066237416666
V460A,-10.338891983032227,-0.0055673878810972
V460C,-9.696714401245117,0.0194026057133222
V460D,-11.909801483154297,-0.0659480806489506
V460E,-9.169755935668945,-0.0614962294775005
V460F,-9.263420104980469,-0.0926720864215557
V460G,-12.462420463562012,0.1152194633042374
V460H,-8.477128982543945,-0.0368986993557553
V460I,-4.741724491119385,0.0251876941841699
V460L,-8.128228187561035,-0.0758490945975883
V460M,-7.671138763427734,-0.0379536923202892
V460N,-7.090887069702148,-0.0250955447568657
V460P,-11.04072380065918,0.0056120796041037
V460R,-8.82980728149414,0.0323810858558232
V460S,-8.803979873657227,0.0626985966370954
V460T,-5.737833023071289,0.0043842106543583
V460W,-10.494183540344238,0.277107824512
V460Y,-9.36490535736084,-0.00753175496346
V464A,-5.551643371582031,0.0978628994515818
V464G,-13.131441116333008,0.0224871652298993
V464H,-13.095876693725586,-0.0846446533427339
V464I,-5.280707359313965,-0.060217612481665
V464K,-11.89719295501709,-0.0809501395011533
V464L,-11.299112319946289,-0.0511231678490032
V464N,-11.518816947937012,0.0220779852733235
V464P,-13.397791862487793,-0.2032118685922339
V464Q,-11.860977172851562,0.1056205649395642
V464R,-12.824834823608398,-0.0447834545905242
V464S,-8.110304832458496,-0.0538796646023287
V464T,-5.650537967681885,0.0286084874154853
V470A,-6.930975914001465,-0.0740161956339753
V470C,-8.403644561767578,-0.0066431560596027
V470D,-15.8275785446167,-0.4463518060374107
V470F,-10.34720230102539,-0.0753115193818404
V470G,-15.861539840698242,-0.2159166079017655
V470H,-12.002912521362305,-0.3826679237498663
V470I,-8.266284942626953,0.0939750633105196
V470L,-13.792996406555176,0.0351388542729286
V470M,-10.884669303894043,-0.0255655244565123
V470N,-14.563817024230957,-0.3423863978403463
V470P,-14.483222961425781,-0.4631430924163658
V470Q,-13.17871379852295,-0.225851403178257
V470R,-15.537406921386719,-0.388388856238814
V470S,-11.676983833312988,-0.1450407982313406
V470T,-8.00306510925293,-0.0617077209025222
V470Y,-12.57048511505127,-0.3157805668709763
V483A,-10.682916641235352,-0.0133358815067011
V483C,-8.737403869628906,0.0605472556032983
V483D,-11.411584854125977,-0.332014298739178
V483E,-9.681577682495117,-0.0670171442644145
V483F,-10.45540714263916,-0.0710654356926816
V483H,-10.25784969329834,-0.180658532809832
V483I,-5.533950328826904,0.0868094924670089
V483L,-8.946630477905273,0.2975463421760296
V483M,-9.544013023376465,0.220205599848691
V483N,-9.287052154541016,-0.0975111388792166
V483P,-11.429956436157227,-0.3599662608770313
V483R,-9.154109954833984,-0.2530105286253463
V483S,-9.965433120727539,-0.0405408205309811
V483T,-7.6558427810668945,-0.0420348915514957
V483Y,-10.768453598022461,-0.0545545828513093
V492A,-12.1287260055542,-0.1303133802283519
V492C,-10.684178352355957,-0.0134582853301204
V492D,-16.34539794921875,-0.4603823900625303
V492E,-13.385663986206055,-0.3480284194195246
V492F,-12.223301887512207,-0.1348477962238573
V492G,-17.389101028442383,-0.3008431213457896
V492H,-14.283492088317871,-0.4442236427867243
V492I,-5.150803089141846,0.1353667966761936
V492K,-14.564722061157227,-0.451544046567796
V492L,-11.954340934753418,0.0323470664845895
V492M,-12.007837295532227,-0.0417052420795538
V492N,-12.40499496459961,-0.4165123383740967
V492P,-16.824867248535156,-0.4872751308195093
V492Q,-13.264150619506836,-0.375237220449979
V492R,-15.089324951171875,-0.4249693195878309
V492S,-14.165562629699707,-0.3120947584690567
V492T,-10.918370246887207,-0.062172479649336
V492W,-15.818653106689453,-0.534161577187832
V492Y,-12.768722534179688,-0.1821654127172907
V495A,-10.579859733581543,-0.0055554745593093
V495C,-8.430364608764648,0.0437382268343553
V495D,-11.94814395904541,-0.0193803264453517
V495E,-10.691761016845703,-0.0210315943535507
V495F,-10.369804382324219,0.075698869748938
V495G,-14.624734878540039,-0.0194441523835705
V495H,-10.844698905944824,0.0042812173214164
V495I,-5.659481048583984,0.0195243071816776
V495K,-15.7030611038208,-0.0047136145458901
V495L,-11.209579467773438,0.0320387153032864
V495M,-10.886281967163086,0.0575861706512073
V495N,-11.157788276672363,-0.0381690602574085
V495P,-19.594558715820312,-0.0200055295067473
V495Q,-11.593072891235352,0.0480261415145851
V495R,-12.781253814697266,-0.0165088490033423
V495S,-11.24489688873291,0.0088495956554331
V495T,-8.350337028503418,0.0137107623141825
V495W,-9.463512420654297,-0.0443873551914886
V495Y,-7.84942626953125,0.0487135305233301
V547A,-10.967312812805176,-0.0449030789903389
V547C,-8.705102920532227,-0.0408638115382182
V547D,-13.468242645263672,-0.4969611884297757
V547E,-14.186031341552734,-0.2364303598512397
V547F,-15.075065612792969,-0.5310740896980503
V547G,-14.36845874786377,-0.0715151841717778
V547H,-13.231616973876953,-0.627943976126008
V547I,-10.56171989440918,-0.0922511882773512
V547K,-14.070050239562988,-0.550181828401
V547L,-12.386998176574707,-0.0508535042678896
V547M,-12.698112487792969,-0.1246758591438686
V547N,-10.78887939453125,-0.2101977695829486
V547Q,-13.250842094421387,-0.133853897573096
V547R,-11.436884880065918,-0.2469298515510348
V547S,-11.403870582580566,-0.0199580986125463
V547T,-7.603093147277832,-0.0423426054105431
V547Y,-13.356474876403809,-0.637677617474033
V552A,-10.166120529174805,-0.1847184020127903
V552C,-8.24644660949707,-0.0977248500480427
V552D,-15.370340347290039,-0.6081611828822556
V552F,-14.549041748046875,-0.4997127646104666
V552G,-15.06767749786377,-0.4201406563792265
V552H,-14.54931640625,-0.1825296642269916
V552I,-3.7413158416748047,-0.0577118018528821
V552K,-12.02747917175293,-0.478173943484
V552L,-10.917394638061523,-0.1535371522644166
V552M,-9.185765266418457,-0.111129687053679
V552N,-12.62670612335205,-0.316836392875541
V552P,-16.097545623779297,-0.7287940207734567
V552Q,-11.965109825134277,-0.3574506781345656
V552R,-11.33189582824707,-0.6193092295371422
V552S,-13.073486328125,-0.2860878627857056
V552T,-10.172720909118652,-0.1082163852827778
V552Y,-15.244183540344238,-0.4306774756298906
V573A,-10.71933364868164,0.0112893021725097
V573C,-9.619009017944336,0.0714671251247286
V573D,-14.614259719848633,-0.3077938631006023
V573E,-11.487310409545898,-0.20104123391
V573F,-12.326017379760742,0.0158568464681124
V573G,-14.72159194946289,-0.1418101291786676
V573H,-12.343709945678711,-0.0656224149118868
V573I,-3.5657410621643066,-0.0588063916870245
V573L,-8.818558692932129,-0.0344502014329224
V573M,-8.28642463684082,0.0158375533036134
V573N,-11.710577964782715,-0.192192919257381
V573P,-18.318222045898438,-0.1873267949716324
V573Q,-9.780086517333984,-0.0808746496732733
V573R,-9.461165428161621,-0.0781342543914353
V573S,-12.496664047241211,-0.0158936402188937
V573T,-8.775218963623047,0.0136274976285876
V573W,-10.609859466552734,0.1757203856301964
V573Y,-11.315275192260742,-0.0458090112624193
V612A,-0.779624342918396,0.232840462734882
V612D,-0.22924268245697021,0.4240702579283675
V612H,-1.0479849576950073,0.1836156798911853
V612L,-3.543079376220703,-0.0857685481715525
V612N,-1.2176262140274048,0.2567692363456458
V612P,-6.672247409820557,0.0598632205724128
V612R,-1.2031022310256958,0.2729263178754947
V612S,-0.3264502286911011,0.3002849313088584
V612T,-0.473901629447937,0.0844389657748295
V614A,-11.903534889221191,0.0103941835003088
V614C,-10.509696960449219,0.1023782493295216
V614D,-12.85342025756836,-0.4685875864333167
V614E,-11.389281272888184,-0.1414775996007415
V614F,-13.375569343566895,-0.1239555907738432
V614G,-15.326598167419434,-0.1404139551981287
V614H,-11.040112495422363,-0.1025846426152848
V614I,-3.1057138442993164,0.0550957134177497
V614K,-10.725687980651855,-0.411734726415
V614L,-7.078880310058594,-0.0207107370520315
V614M,-9.407567977905273,-0.1384989740588226
V614N,-9.997771263122559,-0.0179069286879224
V614P,-16.604663848876953,-0.3633023366297822
V614Q,-10.299519538879395,-0.0193040163335144
V614R,-10.788443565368652,-0.5170083911548489
V614S,-12.289544105529785,-0.0312410816466184
V614T,-7.789806365966797,0.0467021540978253
V614Y,-11.851069450378418,-0.3789124098962477
W526C,-5.421163558959961,-0.0802317639672324
W526G,-7.041625022888184,-0.136343635640382
W526L,-3.0021538734436035,-0.166254263526024
W526P,-10.198173522949219,-0.274997469480896
W526R,-4.906458854675293,-0.0964969133711849
W526S,-4.497357368469238,0.0181865381924023
W526T,-3.9379465579986572,-0.0902012289629773
W530A,-11.462026596069336,-0.2362739166661084
W530C,-12.071303367614746,-0.3033103784452554
W530D,-13.534326553344727,-0.4409412808667461
W530E,-12.067834854125977,-0.3386111903150465
W530F,-6.825526714324951,-0.2236571549498403
W530G,-12.638798713684082,-0.3160361062342306
W530H,-7.211328506469727,-0.0794049335903633
W530I,-11.61641788482666,-0.1683360608012093
W530K,-12.095202445983887,-0.4534290910993235
W530L,-13.761430740356445,-0.2515209779936974
W530M,-11.42147445678711,-0.262807869943024
W530N,-8.993281364440918,-0.2168095775446052
W530P,-15.975956916809082,-0.5404160637198103
W530Q,-10.549684524536133,-0.0974680072284351
W530R,-9.448809623718262,-0.3451470546142941
W530S,-11.285391807556152,-0.204710405672056
W530T,-11.48275375366211,-0.2405268483160194
W530V,-10.341874122619629,-0.3002513341797792
W530Y,-3.5921788215637207,-0.1446601654686614
W548A,-18.993173599243164,-0.6120031982158544
W548C,-17.82238006591797,-0.5737326274916893
W548D,-20.069446563720703,-0.649047314011793
W548F,-7.990598678588867,-0.17945887435212
W548G,-21.104961395263672,-0.590326864599496
W548H,-13.372472763061523,-0.3835880131890239
W548I,-18.17377471923828,-0.6131604588442653
W548K,-20.17291259765625,-0.540220079430562
W548L,-18.977964401245117,-0.5463969413857042
W548N,-17.217124938964844,-0.6252184571773619
W548P,-21.481176376342773,-0.6780686599151369
W548Q,-19.33504295349121,-0.5986370636113357
W548R,-17.977161407470703,-0.4843014221676263
W548S,-18.41922950744629,-0.5767406493769288
W548T,-19.385540008544922,-0.6186074061973907
W548V,-18.76398468017578,-0.5428531303538491
W548Y,-7.163576126098633,-0.0771054036067176
W555A,-9.483542442321777,-0.1081679001166331
W555C,-9.748703002929688,-0.1910875978945306
W555D,-11.317680358886719,-0.6169039017062167
W555F,-5.981025695800781,-0.0627296695358454
W555G,-11.158596992492676,-0.2448297153648929
W555H,-6.556960105895996,-0.043611566783399
W555I,-9.95446491241455,-0.1952982924245013
W555L,-9.430853843688965,-0.2247853478645037
W555M,-9.941131591796875,-0.0786341137769126
W555N,-9.030512809753418,-0.2807439524178973
W555P,-13.874163627624512,-0.6674196217206696
W555Q,-9.207361221313477,-0.1083481260345853
W555R,-10.710009574890137,-0.2264244735172626
W555S,-10.17359447479248,-0.190502471846725
W555T,-10.738057136535645,-0.27495571476137
W555V,-10.330438613891602,-0.2021170836098166
W555Y,-4.506380081176758,-0.0396995621718868
W601A,-9.20488452911377,-0.2381399659304968
W601C,-10.401888847351074,-0.1260175444908629
W601D,-9.492975234985352,-0.5321123319544231
W601E,-8.772249221801758,-0.168378063194175
W601F,-6.776449680328369,-0.0487204737875035
W601G,-10.561211585998535,-0.2822880925936768
W601H,-7.945633888244629,-0.0505696261587427
W601I,-13.947242736816406,-0.3608695503587213
W601K,-12.003951072692871,-0.225869539506208
W601L,-8.133448600769043,-0.1131471631966705
W601M,-6.725390434265137,-0.054358791688343
W601N,-9.455288887023926,-0.1561665399859383
W601P,-18.865859985351562,-0.5573533114723248
W601Q,-7.703632831573486,0.001922224606581
W601R,-10.016593933105469,-0.3043370692772328
W601S,-10.614112854003906,-0.2726998985463872
W601T,-12.161741256713867,-0.1004694619272774
W601V,-15.013143539428711,-0.1925431878341086
W601Y,-6.437788009643555,-0.1964501255603012
Y356C,-7.083923816680908,-0.0293210006183333
Y356F,-3.2292542457580566,-0.152876725429
Y356H,-3.8107242584228516,-0.0919050863492766
Y356N,-4.243820667266846,-0.180986677234
Y356P,-8.776759147644043,-0.0517209833926
Y356S,-5.266265869140625,-0.111188009
Y382A,-12.58484935760498,-0.0971830031234999
Y382C,-10.88185977935791,0.0383395908591
Y382D,-13.18479061126709,-0.448766109
Y382F,-4.215638160705566,0.0271630614720333
Y382G,-17.209665298461914,-0.147051691275
Y382H,-7.907574653625488,-0.1485231878527666
Y382I,-9.582221984863281,-0.0406218607623
Y382L,-3.514559745788574,-0.0128074981667744
Y382M,-8.872673034667969,-0.0655986293304
Y382N,-12.946110725402832,-0.263241837658
Y382P,-20.549236297607422,-0.607863499041
Y382Q,-12.236011505126953,-0.194784554464
Y382R,-11.711248397827148,-0.1618158525693332
Y382S,-14.493986129760742,-0.2289237083303333
Y382T,-14.458931922912598,-0.1568578365183366
Y382V,-10.291265487670898,-0.11805560931105
Y382W,-6.287988662719727,0.028514342144995
Y422A,-7.640656471252441,-0.0582995137208666
Y422C,-5.5414838790893555,-0.0201212536328833
Y422D,-7.187677383422852,-0.2290394880316666
Y422E,-7.1982011795043945,-0.0863106374835
Y422F,-0.6741833686828613,-0.0298602141753733
Y422G,-10.956355094909668,-0.0353046215234749
Y422H,-3.0651206970214844,-0.0005050560930299
Y422I,-11.57763957977295,-0.1869614161246666
Y422K,-5.556626319885254,-0.0614121435134333
Y422L,-7.53018856048584,-0.100198751917611
Y422M,-4.834939002990723,-0.1183788988169333
Y422N,-2.9921796321868896,-0.0010411436069
Y422P,-11.935786247253418,-0.5058958889693332
Y422Q,-5.162405014038086,0.0658570104015333
Y422R,-4.502597808837891,-0.0272371456544888
Y422S,-5.53903865814209,0.0028987223848333
Y422T,-6.456254959106445,-0.0683310067547166
Y422V,-10.223231315612793,-0.195642963705
Y476A,-10.386053085327148,0.0378081432489114
Y476C,-11.94315242767334,-0.0241547173854685
Y476D,-11.715938568115234,-0.0385039848467128
Y476E,-13.838624000549316,-0.038053448329098
Y476F,-5.01953125,-0.0404274662679951
Y476G,-12.030586242675781,-0.062298731968951
Y476H,-8.650178909301758,0.0084302101673537
Y476I,-15.355847358703613,-0.021994450913079
Y476K,-14.628188133239746,0.158559477871184
Y476L,-15.26698112487793,0.0155481877816231
Y476M,-12.841645240783691,0.0421110999646032
Y476N,-10.439770698547363,0.0056142027247197
Y476P,-15.520495414733887,-0.2779576464608773
Y476Q,-13.588547706604004,0.0240242976939457
Y476R,-14.600724220275879,0.0197337861740859
Y476S,-10.65537166595459,-0.0097145370355886
Y476T,-12.94532585144043,0.0041993399418376
Y476V,-15.551475524902344,0.0076818451766503
Y476W,-8.26845932006836,0.222142332165
Y499A,-9.101800918579102,0.0313537737160802
Y499C,-5.462007522583008,0.0830900674362651
Y499D,-9.496355056762695,-0.0081291215904773
Y499E,-8.706299781799316,0.0937573929882746
Y499F,-2.0077662467956543,-0.0136530030968349
Y499G,-11.47050666809082,0.0163302795726024
Y499H,-4.418845176696777,0.0126879400361207
Y499I,-10.71271800994873,0.0308540601124025
Y499K,-11.599699020385742,0.0106919041894439
Y499L,-5.627689361572266,0.0981039841597241
Y499M,-6.125931739807129,0.0691368952264629
Y499N,-7.0385212898254395,0.025934749536124
Y499P,-16.55078125,-0.4364024756401341
Y499Q,-7.704311370849609,0.0613722190454277
Y499R,-10.991920471191406,0.0233408617529966
Y499S,-6.834626197814941,0.0468469776904859
Y499T,-7.337529182434082,0.1035060638592066
Y499V,-10.346482276916504,0.0225770724591505
Y499W,-5.437014102935791,0.0226608912573972
Y517A,-4.06080436706543,0.053176922587237
Y517C,-5.186000823974609,-0.023602703028988
Y517D,-4.0130205154418945,-0.0044889107479159
Y517E,-4.067431926727295,0.035664694265021
Y517F,-2.7126076221466064,-0.0416800170779106
Y517G,-5.692958831787109,0.0716494910842
Y517H,-4.524799823760986,0.0042257509119564
Y517I,-3.7189576625823975,0.0550322402999866
Y517K,-4.566239833831787,0.149591665016
Y517L,-4.052394866943359,0.0498948284331888
Y517M,-4.9184441566467285,0.0246591231488489
Y517N,-4.765974044799805,0.0668412992996466
Y517P,-8.998624801635742,-0.0573729030773868
Y517Q,-4.867649078369141,0.0289872138779094
Y517R,-4.07990837097168,-0.0188013746636161
Y517S,-4.12799072265625,0.0541240782321323
Y517T,-4.302679538726807,0.0513320695820328
Y517V,-3.809623956680298,0.0727800896774191
Y517W,-3.778982400894165,0.0616494648631284
Y518A,-2.9902172088623047,-0.0625172846088964
Y518C,-5.458789825439453,-0.0300376885348926
Y518D,-2.4882655143737793,-0.0057641769435556
Y518E,-2.446226119995117,-0.0107797064086111
Y518F,-3.1315388679504395,0.0257142522905993
Y518G,-4.1157755851745605,0.0500656740129299
Y518H,-3.497547149658203,-0.0480600468208117
Y518I,-4.155500888824463,-0.029109689082431
Y518K,-2.0650815963745117,-0.0621257967513039
Y518L,-2.6340885162353516,-0.0835996432817241
Y518M,-3.965092182159424,-0.0223993541495719
Y518N,-3.408888339996338,-0.0721509134353898
Y518P,-6.7899065017700195,-0.0411867260025994
Y518Q,-3.659036159515381,-0.0678853076902118
Y518R,-3.500950813293457,-0.0847611435184678
Y518S,-3.384331226348877,-0.0357189477939687
Y518T,-3.6039209365844727,-0.0144164669584419
Y518V,-4.3961052894592285,-0.0016744872532786
Y518W,-3.4260921478271484,0.1495158817925985
Y531A,-7.453834056854248,-0.0303285391348094
Y531C,-6.488313674926758,0.0576502389673209
Y531D,-9.01403522491455,-0.1604030288228433
Y531E,-5.731731414794922,0.0208200872563318
Y531F,-3.378203868865967,0.0080219159603369
Y531G,-12.654485702514648,-0.0941501250553389
Y531H,-6.310518264770508,-0.1538558561479459
Y531I,-10.889981269836426,-0.0040771136615857
Y531K,-7.2203850746154785,0.0533102533331344
Y531L,-3.0684986114501953,0.1511529945073211
Y531M,-2.344470977783203,0.2969501820271023
Y531N,-7.223389625549316,-0.0206144073469179
Y531P,-15.34351921081543,-0.5565898654198603
Y531Q,-4.854109764099121,-0.023847430258021
Y531R,-6.592868804931641,-0.0958149085990632
Y531S,-7.545561790466309,0.0072725288498706
Y531T,-9.723954200744629,0.043677582870632
Y531V,-11.567683219909668,-0.0010218726264668
Y531W,-3.7812395095825195,-0.221486241164497
Y560A,-9.071463584899902,-0.0761876387012829
Y560C,-7.787962436676025,-0.0742420543606097
Y560D,-12.014620780944824,-0.0463481603975111
Y560F,-4.704128265380859,0.0113987710143767
Y560G,-12.76753044128418,0.1679426959464986
Y560H,-4.1562089920043945,-0.0346168654099725
Y560I,-10.208513259887695,-0.0469112243556655
Y560K,-5.425149917602539,0.1023967225108348
Y560L,-9.268560409545898,-0.0032342126892995
Y560M,-5.5492753982543945,0.169448865938881
Y560N,-7.602871417999268,0.0045212364326567
Y560P,-13.05702018737793,-0.1043236950918624
Y560Q,-8.496904373168945,-0.0388122640431918
Y560R,-5.764857292175293,-0.0531633747716569
Y560S,-7.94020938873291,-0.0513933002825635
Y560T,-11.141036033630371,-0.0195082106580937
Y560V,-10.693868637084961,-0.0629016125426191
Y565A,-10.530397415161133,-0.1772164240136301
Y565C,-10.814645767211914,-0.1051532064861986
Y565D,-16.946613311767578,-0.2435048174129193
Y565E,-14.895783424377441,-0.2536430394197306
Y565F,-1.686274528503418,-0.0147431741523965
Y565G,-14.51515007019043,-0.212337736972568
Y565H,-10.323801040649414,-0.0764793451317332
Y565I,-14.459508895874023,-0.2639826122797673
Y565K,-15.261617660522461,-0.157356751972
Y565L,-12.805744171142578,-0.094175352437075
Y565M,-10.424612045288086,0.0433496535936963
Y565N,-13.127222061157227,-0.2029422526877846
Y565P,-13.676023483276367,-0.3045314689672426
Y565Q,-13.384342193603516,-0.2732952251774683
Y565R,-13.661550521850586,-0.183261442478945
Y565S,-13.059673309326172,-0.2249309153386371
Y565T,-13.789887428283691,-0.2702416438117634
Y565V,-12.455721855163574,-0.2187400610648714
Y594A,-12.068689346313477,-0.063971234431552
Y594C,-12.033166885375977,-0.0931779155098167
Y594D,-10.92001724243164,0.0482600443238666
Y594E,-11.2547607421875,-0.117456487033492
Y594F,-5.844405174255371,-0.0668891379177511
Y594G,-15.475733757019043,-0.0704981743949397
Y594H,-7.362509250640869,-0.0158706814742563
Y594I,-12.089865684509277,-0.1409251879589816
Y594K,-14.441954612731934,-0.243554889169031
Y594L,-11.425088882446289,-0.0186498974697382
Y594M,-12.389176368713379,0.0686189929287891
Y594N,-11.145711898803711,-0.0348261498862646
Y594P,-17.410057067871094,-0.5308454369492819
Y594Q,-11.977767944335938,-0.0212156382854387
Y594R,-12.159486770629883,0.0143722318463103
Y594S,-11.611451148986816,-0.0329175589483628
Y594T,-10.576701164245605,0.0025907649683328
Y594V,-10.978706359863281,-0.0173956679122779
Y603A,-9.476157188415527,-0.0499516714652809
Y603C,-10.669841766357422,-0.2177748399057623
Y603D,-9.445651054382324,-0.1348432375748659
Y603F,-4.300241470336914,-0.0144036114086755
Y603G,-10.839818954467773,-0.0345677841803868
Y603H,-6.086311340332031,0.048774722402587
Y603I,-6.27507209777832,-0.079605353349066
Y603K,-6.164061546325684,-0.1409794306777175
Y603L,-4.583973407745361,0.0847178352145785
Y603M,-7.933019638061523,0.0928799661296696
Y603N,-8.519457817077637,0.005631818487991
Y603P,-9.77818489074707,-0.0269852603574318
Y603Q,-8.630200386047363,-0.0837204601189606
Y603R,-6.634561538696289,-0.0336719989900959
Y603S,-8.978384017944336,-0.0089181302460865
Y603T,-8.1270170211792,0.0163274940910772
Y603V,-7.628264904022217,0.2162022103277722
Y603W,-7.3187432289123535,-0.198909548977724
Y621A,-7.225363254547119,-0.026494163864778
Y621C,-7.647326469421387,-0.0463479879557952
Y621D,-8.822822570800781,-0.1112516708830909
Y621E,-7.805424690246582,0.070109111330906
Y621F,-3.5124261379241943,0.0029983719323862
Y621G,-9.12224006652832,0.0192431280528294
Y621H,-5.470521926879883,0.0156633606746221
Y621I,-5.15967321395874,0.0175731689452787
Y621K,-6.726708889007568,0.040230773179956
Y621L,-5.4677276611328125,-0.0096569955825033
Y621M,-7.227288246154785,0.0682860964328944
Y621N,-6.832430839538574,-0.0256161018477102
Y621P,-11.14056396484375,-0.0329066997197839
Y621Q,-7.314836025238037,-0.0083484051686595
Y621R,-7.234147071838379,-0.0188693345438878
Y621S,-8.463292121887207,-0.0318500741009208
Y621T,-6.629386901855469,-0.0189549696194536
Y621V,-6.556377410888672,-0.0110722369856159
Y621W,-7.05603551864624,0.0036193094504518
Y622A,-7.1768479347229,0.0408518416341786
Y622C,-7.926965713500977,0.0215163089241402
Y622D,-8.512720108032227,-0.0180949122756251
Y622E,-7.043207168579102,0.0223454778326998
Y622F,-3.4892759323120117,0.0756114444470413
Y622G,-9.875578880310059,0.0613505462930632
Y622H,-5.075536727905273,0.0398095310901277
Y622I,-9.594181060791016,0.0724542160282285
Y622K,-3.408935070037842,0.0044492296657974
Y622L,-2.231675624847412,0.4013301179782144
Y622M,-5.224875450134277,0.0931799783928202
Y622N,-5.621273040771484,-0.0110311257133759
Y622P,-12.808158874511719,0.0054478759296
Y622Q,-5.5795159339904785,0.0559504678570775
Y622R,-2.6593446731567383,0.1562742653295368
Y622S,-7.5670695304870605,0.0165046416924176
Y622T,-7.083127021789551,0.0393913290727422
Y622V,-9.05638599395752,0.0715261888137108
Y622W,-5.9290056228637695,0.0649844916779069
Y623C,-4.852624893188477,-0.146328222248283
Y623H,-2.1344170570373535,-0.1953989616163018
Y623S,-5.634145259857178,0.0664415628107935
