mutant,Progen2_score,DMS_score
N331C,-0.00032704962067780114,-0.09
N331D,-0.00031229875870605016,0.03
N331A,-0.0003157281327790757,-0.03
N331Y,-0.0003223216859075092,-0.06
N331W,-0.0003341675237792735,-0.16
N331V,-0.0003231243294051381,-0.04
N331S,-0.0003118195745856951,-0.03
N331R,-0.00031724414156818616,-0.02
N331Q,-0.0003152225877671193,0.01
N331T,-0.0003131183108661649,0.06
N331M,-0.00032187534755173387,-0.02
N331P,-0.00032461443381897595,-0.03
N331F,-0.00032422317591410214,-0.1
N331G,-0.00031762786110086136,-0.04
N331H,-0.00031415410544679374,-0.02
N331E,-0.0003170188566126977,0.0
N331K,-0.0003133134130689916,-0.01
N331L,-0.0003224851480170862,-0.05
N331I,-0.0003226678306346603,-0.07
I332K,-0.0003208701512706814,-0.05
I332A,-0.0003175517808988351,0.0
I332C,-0.000322953820556332,-0.09
I332D,-0.000326144448294943,-0.02
I332E,-0.000324209661860215,0.08
I332F,-0.0003129081494772612,-0.22
I332G,-0.00032786398142786916,-0.08
I332H,-0.0003234364695185671,0.04
I332L,-0.0003109582511814954,0.0
I332M,-0.0003113659202631121,0.0
I332N,-0.0003214538191025967,0.0
I332W,-0.0003274399304333767,-0.03
I332V,-0.00031022630626070905,0.0
I332T,-0.00031367243389772415,-0.03
I332Y,-0.00031730424369870447,-0.03
I332R,-0.0003224260350052803,0.0
I332Q,-0.0003216840964738347,-0.02
I332P,-0.00032733140830813853,0.06
I332S,-0.00031766145016766867,-0.04
T333L,-0.00031339160612223194,-0.01
T333E,-0.00031571112461944127,-0.15
T333F,-0.0003193082684433001,-0.15
T333G,-0.000320687556444709,-0.07
T333H,-0.00031431739197316735,-0.07
T333I,-0.0003105796996477731,-0.06
T333K,-0.00031197465552369725,-0.01
T333D,-0.0003166980426890215,-0.01
T333Q,-0.00031375471803960327,0.02
T333P,-0.00031899135831951254,0.03
T333C,-0.00032868715060197363,-0.14
T333R,-0.00031290464366596696,0.0
T333S,-0.000310116113168652,-0.08
T333V,-0.0003125663475080072,-0.05
T333W,-0.00033599590093997736,-0.21
T333Y,-0.0003216149518083421,-0.07
T333N,-0.0003117496573541076,-0.06
T333A,-0.00031054671926940416,-0.01
T333M,-0.00031146253784716083,-0.02
N334D,-0.0003122729889445668,0.07
N334C,-0.0003229660177361937,-0.11
N334A,-0.0003151870029045668,-0.03
N334Y,-0.000324626385182353,-0.09
N334W,-0.00033956395062703556,-0.24
N334V,-0.0003256509073213246,-0.07
N334S,-0.0003121495012776269,-0.06
N334R,-0.00031684648658193574,0.0
N334Q,-0.00031491669841573073,0.01
N334T,-0.00031165501215471027,-0.04
N334M,-0.00032344329385240527,-0.05
N334P,-0.0003273500493915645,-0.18
N334F,-0.0003292665049398592,-0.22
N334G,-0.00031817797498261,-0.03
N334H,-0.0003143883509984282,-0.02
N334E,-0.00031785099808849505,0.01
N334K,-0.0003128632762632497,-0.03
N334L,-0.0003268420579203076,-0.2
N334I,-0.00032699553519838546,-0.2
L335K,-0.00032391681248806445,-0.03
L335D,-0.0003307969174044205,0.0
L335E,-0.00032656978689959363,0.06
L335F,-0.00031350470511630496,-0.03
L335G,-0.0003284366577512527,-0.08
L335H,-0.00032141510300625053,-0.03
L335I,-0.0003110666679568115,-0.02
L335M,-0.0003114518389773013,0.01
L335Y,-0.0003196224570274353,-0.02
L335P,-0.000328064673029337,0.06
L335Q,-0.00032106458625733524,-0.02
L335R,-0.0003222589968511277,-0.01
L335S,-0.0003196032950471727,0.01
L335T,-0.00031801148113638793,0.02
L335V,-0.000311918621070724,-0.08
L335W,-0.0003241293969251748,-0.05
L335N,-0.0003241669366140583,0.03
L335A,-0.0003185080304355576,0.04
L335C,-0.0003203900716759891,-0.11
C336F,-0.00032790593410793106,-0.57
C336I,-0.0003288051425146476,-0.75
C336G,-0.00033101951008412375,-0.65
C336H,-0.00032580306187260366,-0.71
C336M,-0.0003280941593019586,-0.75
C336N,-0.00032922378554647587,-0.51
C336P,-0.00033251010027815763,-0.93
C336Q,-0.0003298670463176197,-0.68
C336R,-0.0003280514925835363,-0.99
C336K,-0.00033180642717950285,-0.93
C336S,-0.0003216629504033738,-0.65
C336V,-0.00032627878115107855,-0.62
C336W,-0.00033919050856453175,-0.81
C336Y,-0.0003282101261550202,-0.7
C336A,-0.0003245709067428571,-0.69
C336D,-0.00033890077872062796,-0.48
C336E,-0.0003346986688222833,-0.61
C336T,-0.0003246697600863622,-0.58
C336L,-0.0003283511838478454,-0.81
P337Y,-0.0003395025257697184,-0.26
P337T,-0.0003269926322227562,-0.13
P337V,-0.0003355678642067681,-0.4
P337W,-0.0003485666106558183,-0.4
P337A,-0.0003279874515364887,-0.09
P337D,-0.00033488249273067933,0.06
P337E,-0.00033347530455825276,-0.01
P337F,-0.0003357517934650862,-0.45
P337G,-0.000332141592103669,-0.15
P337H,-0.0003345306532549652,-0.09
P337I,-0.0003383968315158224,-0.54
P337K,-0.00033557798365205644,-0.05
P337L,-0.0003339621909284629,-0.27
P337M,-0.0003369265738567403,-0.19
P337N,-0.00033224494037718073,-0.03
P337Q,-0.00033155195444283854,-0.21
P337R,-0.0003343783289732562,-0.14
P337S,-0.00032559126755990855,-0.1
P337C,-0.0003314741242615519,-0.18
F338A,-0.0003218929995164474,-0.97
F338C,-0.0003263159462624615,-0.95
F338Y,-0.0003110448488174043,-0.05
F338G,-0.0003301580228022675,-1.08
F338H,-0.0003224757835795724,-0.97
F338I,-0.0003168636995886408,-0.15
F338W,-0.000325848654977749,0.04
F338L,-0.0003136868200148547,-0.03
F338M,-0.0003178965385186794,-0.15
F338N,-0.0003233780939562154,-1.13
F338K,-0.0003256228842420645,-1.49
F338Q,-0.00032480819573668353,-1.04
F338R,-0.00032499416761293433,-1.66
F338S,-0.00032077371512260946,-1.03
F338T,-0.0003220131452497496,-0.93
F338V,-0.0003156022981499839,-0.55
F338E,-0.0003269622212119301,-1.04
F338D,-0.0003301499927970994,-1.11
F338P,-0.0003300126984376001,-0.93
G339K,-0.0003258671907112529,-0.11
G339I,-0.0003310918211000507,-0.21
G339H,-0.00032658864453563705,0.01
G339C,-0.000336618758942888,-0.37
G339E,-0.00032396983276271297,-0.03
G339D,-0.0003235762103373669,0.06
G339A,-0.00031675935049086973,0.0
G339F,-0.00033322119469354213,-0.11
G339M,-0.00032941956667102235,-0.15
G339L,-0.0003314746685694824,-0.22
G339P,-0.0003302148122630153,-0.14
G339Q,-0.0003262694108607913,-0.05
G339R,-0.0003254290111216615,-0.1
G339S,-0.0003170393881419467,0.02
G339T,-0.000321034028927173,-0.05
G339V,-0.00032635095755321623,-0.18
G339W,-0.00034349852439838417,-0.09
G339Y,-0.0003339156496740193,-0.03
G339N,-0.0003209526636707249,0.02
E340Q,-0.00031229663414928917,-0.05
E340R,-0.0003166501435911384,-0.28
E340S,-0.0003161208070551235,-0.1
E340Y,-0.000330130374300508,-0.55
E340V,-0.0003281590021789683,-0.26
E340W,-0.0003406501083231684,-0.63
E340P,-0.00032533244035980034,-0.21
E340T,-0.0003175053684054073,-0.18
E340N,-0.0003182761376988485,-0.23
E340I,-0.00033316291862833905,-0.39
E340L,-0.00033160109432869226,-0.21
E340K,-0.00031228545535200706,-0.11
E340A,-0.0003155978676004852,-0.09
E340C,-0.00033025533101358286,-0.44
E340D,-0.0003129081377717143,0.01
E340F,-0.0003319209366919764,-0.64
E340G,-0.0003184371884657657,-0.27
E340H,-0.0003194527383030444,-0.27
E340M,-0.00032851774207457536,-0.18
V341C,-0.0003200377932422665,-0.88
V341L,-0.0003107325857957329,-0.15
V341A,-0.00031360893715860706,-0.86
V341Y,-0.0003244636780805505,-0.65
V341W,-0.0003339018663925537,-0.47
V341T,-0.00031763319297747075,-0.59
V341S,-0.0003186024941989782,-0.87
V341Q,-0.00032233590229420987,-0.97
V341P,-0.0003275827029888216,-0.93
V341N,-0.00032591390169612645,-1.02
V341R,-0.0003236499962522023,-1.37
V341K,-0.000322948980312692,-1.67
V341I,-0.00031003014763227526,0.02
V341H,-0.00032512160004917695,-0.99
V341G,-0.00032622794981369894,-1.06
V341F,-0.00031689777443564415,-0.51
V341E,-0.00032200948726634576,-0.97
V341D,-0.00032940290967779464,-0.94
V341M,-0.00031071180844999914,-0.52
F342Y,-0.0003133737844270884,-0.89
F342T,-0.00032187679318677507,-0.78
F342S,-0.00032066276994916463,-1.34
F342R,-0.0003245654636635522,-1.22
F342Q,-0.0003242451413728455,-1.35
F342P,-0.00033151986953880685,-1.79
F342N,-0.00032225089075990486,-1.6
F342L,-0.00031357296601300713,-0.28
F342M,-0.00031742421970157666,-0.3
F342I,-0.0003156836458481117,-0.15
F342H,-0.0003209361471440599,-1.54
F342G,-0.00033352145952964896,-1.41
F342E,-0.0003285736126498921,-1.51
F342D,-0.00033165072584751546,-1.55
F342C,-0.00032798499337164137,-1.01
F342V,-0.0003171319146373566,-0.38
F342A,-0.0003232451423546131,-0.99
F342K,-0.00032493006803815234,-1.07
F342W,-0.0003264830546498954,-0.73
N343E,-0.00031818361120343865,-0.25
N343A,-0.0003569320909450678,-0.38
N343F,-0.00035570952265822595,-0.45
N343G,-0.00032001789381254966,-0.2
N343H,-0.000315589954650786,-0.31
N343I,-0.00037743603607284115,-0.96
N343K,-0.00031526653039015283,-0.31
N343L,-0.000366870966467067,-0.58
N343M,-0.0003596928675907012,-0.49
N343P,-0.0003242489632339058,-1.47
N343Q,-0.00031751493183721825,-0.29
N343R,-0.0003172419936003314,-0.42
N343S,-0.0003132048499743393,-0.32
N343T,-0.0003152649208774552,-0.35
N343V,-0.0003846734586608569,-0.82
N343W,-0.0003377874875667989,-0.5
N343Y,-0.0003257009836509297,-0.46
N343D,-0.00031413906967181065,-0.37
N343C,-0.0003267311537162769,-0.76
A344C,-0.0003226111465238345,-0.4
A344Y,-0.00032225965821452713,-0.81
A344W,-0.00032812610373942757,-0.92
A344V,-0.00031375941781668055,-0.46
A344T,-0.00031182559123679775,-0.37
A344S,-0.0003109482487916759,-0.14
A344R,-0.0003153333749156811,-0.17
A344P,-0.0003170116342902652,-0.74
A344N,-0.00031666793016964115,-0.14
A344M,-0.0003173838882397594,-0.43
A344Q,-0.00031547152378010355,-0.1
A344K,-0.00031471585464215335,-0.1
A344I,-0.00031827564606587904,-0.41
A344H,-0.0003175179401627696,-0.46
A344G,-0.00031851560392439694,-0.32
A344F,-0.0003218905237932797,-0.83
A344E,-0.0003151239334179113,-0.26
A344D,-0.0003215420028401095,-0.41
A344L,-0.00031813654319938484,-0.62
T345P,-0.0003205141446202736,-0.06
T345Y,-0.0003235438445002098,-0.48
T345W,-0.00033654374979840237,-0.62
T345V,-0.00031829080474910453,-0.28
T345S,-0.0003110510937266713,-0.02
T345R,-0.0003181632903740337,-0.13
T345Q,-0.00031571677254581677,-0.15
T345N,-0.0003128253854079595,-0.21
T345A,-0.00031136123219158173,-0.12
T345L,-0.00032201655741666865,-0.25
T345K,-0.0003150939379539999,-0.07
T345I,-0.00031823214240085397,-0.42
T345H,-0.00031602111676501556,-0.26
T345G,-0.00032116389026439575,-0.35
T345F,-0.0003246208601642198,-0.58
T345E,-0.00031750705985693323,-0.09
T345C,-0.00032163131616289747,-0.64
T345M,-0.0003184768234475429,-0.37
T345D,-0.00031967953327408197,-0.12
R346A,-0.0003191579106934691,-0.02
R346H,-0.00031569083890667696,0.08
R346D,-0.00032377247724210944,0.01
R346E,-0.00031911314868215306,0.0
R346F,-0.000330869117217652,-0.02
R346G,-0.00032395057128530177,-0.11
R346I,-0.00032533047968069586,-0.01
R346K,-0.0003118059902985266,-0.01
R346L,-0.0003243215259190909,-0.04
R346M,-0.00032279038185784877,-0.02
R346C,-0.00032133741914430004,-0.12
R346P,-0.00032583469026030654,-0.38
R346Q,-0.00031287218418443475,-0.01
R346S,-0.00031498584893399677,0.04
R346T,-0.0003166365710095168,0.06
R346V,-0.0003245655280440601,0.06
R346W,-0.00033889591506589423,-0.06
R346Y,-0.000333124243501407,0.07
R346N,-0.0003196729781678223,0.03
F347N,-0.0003226539302977257,-2.15
F347P,-0.00033107741742459976,-0.75
F347Q,-0.000321406306287761,-1.04
F347V,-0.0003171154624911995,-0.72
F347S,-0.0003199507098261615,-0.89
F347T,-0.0003214076758367474,-1.08
F347M,-0.0003191599591641752,-0.43
F347R,-0.0003210281527426331,-1.17
F347L,-0.0003155974403480236,-0.87
F347Y,-0.0003115073057112503,-0.32
F347I,-0.0003172574215111354,-0.79
F347H,-0.00031971624772190955,-0.72
F347G,-0.0003271278722587759,-0.98
F347E,-0.0003267561509116653,-1.47
F347D,-0.00033274177646224926,-3.13
F347C,-0.00032929297118138257,-1.0
F347A,-0.0003229398031639285,-0.87
F347W,-0.00032279853477125924,0.0
F347K,-0.00032333992802057316,-1.6
A348C,-0.0003196137773644147,-0.26
A348D,-0.00031831888635609903,-0.07
A348Q,-0.0003178221731792729,-0.12
A348W,-0.00033853339427864095,-0.46
A348T,-0.0003103661377974972,-0.18
A348S,-0.0003106317834786702,0.01
A348R,-0.000320771374013231,-0.24
A348P,-0.00031737304305056374,-0.06
A348N,-0.0003177315312769126,0.0
A348M,-0.00031972128695984664,-0.3
A348V,-0.0003145883636781763,-0.49
A348Y,-0.00032863620220912503,-0.1
A348K,-0.00032010018380720223,-0.23
A348I,-0.00032005979967042393,-0.99
A348H,-0.00032007340151591273,0.0
A348G,-0.00031810533035859666,-0.1
A348F,-0.0003265433850385781,-0.29
A348E,-0.00031585388546933924,-0.13
A348L,-0.00032263053090948805,-0.63
S349P,-0.00032834325919259933,-0.11
S349Y,-0.0003271614027978488,-1.8
S349W,-0.00033312172680882517,-1.9
S349V,-0.0003199138958811854,-1.92
S349T,-0.00031149245722501747,-0.76
S349R,-0.0003210046421517,-0.96
S349Q,-0.0003180024795708278,-0.83
S349N,-0.0003163022898541411,-0.26
S349D,-0.00032479766659725395,-0.5
S349L,-0.00032235710103963174,-1.91
S349K,-0.00031987421407722057,-0.87
S349I,-0.00032174365429642253,-4.25
S349H,-0.0003202389413600631,-0.72
S349G,-0.00031291657747102363,-0.59
S349F,-0.00032471596187994597,-2.03
S349E,-0.00032148914644311756,-1.15
S349C,-0.0003184009071231731,-0.12
S349M,-0.0003212781481076111,-0.87
S349A,-0.0003113455701698399,-0.34
V350W,-0.0003372422724564246,-4.71
V350Y,-0.00032899768120270496,-4.14
V350T,-0.000315215289358632,-0.8
V350S,-0.0003179900424272548,-0.94
V350R,-0.0003238382682684174,-4.8
V350Q,-0.0003239697625294316,-4.1
V350P,-0.00033471523802390925,-0.22
V350M,-0.00031228752723380703,-3.54
V350A,-0.0003130565641063082,-0.4
V350K,-0.0003237898424209241,-4.8
V350H,-0.00032730175815786044,-4.8
V350G,-0.0003271006158928373,-1.9
V350F,-0.0003200651608109006,-4.84
V350E,-0.00032651055683231877,-4.59
V350D,-0.00032724704643168604,-4.8
V350C,-0.0003255706775029251,-1.48
V350I,-0.0003100663294777192,-0.23
V350L,-0.00031326317286173,-1.69
V350N,-0.0003236232900469676,-2.44
Y351C,-0.000329715670185209,-0.6
Y351W,-0.0003230018250041371,-0.19
Y351T,-0.0003238002252410175,-0.82
Y351S,-0.0003231646023392209,-0.71
Y351R,-0.0003275083903243761,-2.97
Y351Q,-0.00032607927766262033,-1.01
Y351P,-0.00033732421713744383,-0.81
Y351N,-0.00032651916626205804,-0.77
Y351M,-0.0003212727284394,-0.58
Y351V,-0.0003211685549248323,-0.29
Y351K,-0.0003291701448778421,-2.5
Y351I,-0.00032157171737089553,-0.79
Y351H,-0.00031798335855997927,-0.27
Y351G,-0.0003352203323723103,-1.65
Y351F,-0.0003112832615437324,-0.08
Y351E,-0.00033219186157479774,-1.5
Y351D,-0.0003338211156773174,-2.72
Y351A,-0.00032361302428234306,-0.87
Y351L,-0.00031947522465862444,-0.92
A352F,-0.0003276966798989115,-0.29
A352G,-0.0003161800371223983,-0.19
A352H,-0.00032056602360410006,-0.06
A352I,-0.00031891931067839065,-0.49
A352K,-0.00031954684504728473,-0.08
A352L,-0.00032137907918568964,-0.31
A352M,-0.00031948161588722765,-0.02
A352T,-0.00031022723392530024,-0.27
A352Q,-0.0003181858411101216,-0.03
A352R,-0.00031927316350817024,-0.05
A352S,-0.0003111569352816711,-0.06
A352V,-0.0003138930951621901,-0.52
A352W,-0.0003348102460952603,-0.44
A352Y,-0.0003285624455581569,-0.14
A352E,-0.0003168723324294738,-0.03
A352P,-0.0003261817246090214,-3.21
A352D,-0.00032109936343715216,-0.03
A352N,-0.00031847481594625085,-0.04
A352C,-0.0003196842974316671,-0.11
W353Y,-0.0003235079494406647,-0.28
W353D,-0.0003412270220545269,-2.39
W353E,-0.00033872746639334114,-1.83
W353F,-0.0003221638717243078,-0.08
W353G,-0.00033990664221785334,-2.17
W353H,-0.0003345399416064242,-0.95
W353I,-0.0003308205626091429,-2.65
W353K,-0.000337146076272064,-2.46
W353L,-0.0003261330412394965,-2.15
W353V,-0.00033102336706182473,-1.26
W353M,-0.0003277463114177347,-1.68
W353N,-0.00033871062211136317,-2.68
W353P,-0.0003416778728986292,-0.62
W353Q,-0.00033606136421097233,-1.36
W353R,-0.00033293687281230256,-1.62
W353S,-0.00033581533117361733,-0.98
W353T,-0.0003366781762989131,-2.75
W353C,-0.0003365681909803134,-1.22
W353A,-0.0003366834379422412,-1.34
N354V,-0.0003338672121209791,-0.16
N354W,-0.0003388211575906668,-1.05
N354D,-0.00031306781313687163,-0.04
N354E,-0.0003171387272656479,0.0
N354F,-0.0003362709812919455,-0.57
N354G,-0.00032515596168207917,-0.06
N354H,-0.00031402969304164936,-0.07
N354I,-0.0003378703394277023,-0.39
N354K,-0.00031409579426494995,0.03
N354L,-0.0003418681465633629,-0.56
N354M,-0.0003362080639773996,-0.23
N354C,-0.00032734478189546296,-0.29
N354P,-0.0003253626699346496,-0.9
N354Q,-0.00031556235882398753,0.0
N354R,-0.0003187980880347744,0.05
N354S,-0.00031314526874065774,0.04
N354T,-0.0003178047611782706,0.02
N354Y,-0.00032828699062868825,-0.38
N354A,-0.00032137191539099156,-0.04
R355A,-0.00031768321663211484,-1.54
R355T,-0.0003163568494082059,-0.64
R355S,-0.0003141148801591578,-0.68
R355Q,-0.000311041840491853,-0.85
R355P,-0.00032492814832846197,-3.41
R355N,-0.0003151188532105601,-1.38
R355M,-0.0003216130203931049,-2.1
R355L,-0.0003241691079930068,-4.33
R355K,-0.0003103005106488458,-1.08
R355I,-0.00032553732254705556,-3.34
R355G,-0.00032037938451167644,-2.15
R355F,-0.0003274048664676609,-3.01
R355E,-0.0003157156254022213,-1.27
R355D,-0.0003195054366751534,-3.89
R355C,-0.0003301786421231182,-1.88
R355V,-0.00032478823777923224,-2.38
R355H,-0.00031285281150432806,-0.38
R355W,-0.0003327463182144435,-1.98
R355Y,-0.00032491678809520305,-3.0
K356C,-0.0003275701897591938,-0.2
K356Y,-0.0003274437230305698,-0.12
K356W,-0.00033248530792983987,-0.42
K356V,-0.00032470668523403387,0.01
K356T,-0.0003150694382443544,0.04
K356S,-0.0003155367236762935,-0.15
K356R,-0.00031048050391702136,0.03
K356Q,-0.00031109885528437847,-0.12
K356N,-0.0003124027156680003,-0.28
K356M,-0.0003209879383362847,-0.02
K356L,-0.0003228962058545283,-0.07
K356I,-0.00032459493237785346,-0.04
K356H,-0.0003177318297683584,-0.14
K356G,-0.0003190781608024921,-0.9
K356F,-0.0003284884079740634,-0.15
K356A,-0.00031722919358480474,-0.14
K356E,-0.0003130237417528223,-0.21
K356P,-0.00032826442233427995,-4.2
K356D,-0.0003162469694395283,-0.39
R357E,-0.00031936409804920275,0.01
R357F,-0.00032534089761743,-0.14
R357G,-0.000321618387386355,-0.42
R357H,-0.00031327748874557926,-0.08
R357I,-0.00031993988219528616,-0.04
R357K,-0.0003103798976678691,0.05
R357L,-0.0003187231549763436,-0.06
R357Y,-0.00032504668454906647,-0.06
R357N,-0.000316585815758192,-0.03
R357P,-0.0003218246800920107,-0.19
R357Q,-0.0003128865995654326,-0.05
R357S,-0.00031264506145808424,-0.06
R357T,-0.0003161772863188786,-0.07
R357V,-0.00031896531347767724,0.01
R357W,-0.00033286141885703504,-0.15
R357A,-0.000317025341485676,-0.01
R357M,-0.0003169606976029635,-0.07
R357C,-0.00032355657428245516,-0.04
R357D,-0.0003217929814710265,-0.06
I358W,-0.00033578120365165294,0.07
I358Y,-0.00032198469491802795,-0.01
I358T,-0.000316978191542794,-0.83
I358S,-0.00032198811879049393,-0.78
I358R,-0.0003236345449303045,-1.3
I358Q,-0.0003226385257980155,-0.93
I358P,-0.000325616803210454,-2.18
I358N,-0.0003236241679629845,-0.91
I358M,-0.00031130772613673725,-0.01
I358A,-0.0003201825440351362,-0.7
I358K,-0.000323911978097198,-1.25
I358H,-0.00032319510699442214,-0.64
I358G,-0.00032966431795099265,-0.74
I358F,-0.0003141903809366129,0.1
I358E,-0.0003244042080495644,-1.08
I358D,-0.00032735294651442033,-1.81
I358C,-0.00034348995593805906,-0.41
I358L,-0.00031106404006153417,0.0
I358V,-0.0003103444240080121,-0.14
S359C,-0.00031712221659175633,-0.05
S359T,-0.0003111252834828745,-0.02
S359R,-0.00031179487588175244,-0.03
S359Q,-0.00031414314320212915,0.08
S359P,-0.0003188768605125859,-0.16
S359N,-0.0003118181406562008,0.04
S359M,-0.0003149822143616867,-0.16
S359L,-0.000312982596755496,-0.29
S359K,-0.00031320912835172845,-0.06
S359I,-0.00031326199645426736,-0.15
S359H,-0.0003151519447916245,-0.01
S359G,-0.0003173207602253694,-0.08
S359F,-0.0003170223097490309,-0.08
S359E,-0.00031423686366332203,-0.13
S359D,-0.00031375473559792363,-0.01
S359V,-0.0003139480000298883,-0.07
S359A,-0.00031214971197747097,-0.02
S359Y,-0.0003172219010290909,-0.08
S359W,-0.0003307566561758846,-0.1
N360A,-0.0003135105871536183,-0.23
N360C,-0.0003198005510706276,-0.27
N360D,-0.0003114321268363347,-0.03
N360E,-0.00031471148847316254,-0.13
N360F,-0.0003199702990588857,-0.28
N360H,-0.00031412580143440826,-0.04
N360I,-0.0003210303241215816,-0.71
N360Y,-0.00031741472650304703,-0.33
N360W,-0.00033533313287493756,-0.25
N360M,-0.00031822381975701354,-0.38
N360P,-0.00032548261082088116,-0.04
N360Q,-0.000313820585151966,-0.18
N360R,-0.000313978563212824,-0.19
N360S,-0.0003102878364679482,-0.16
N360T,-0.0003117123049539744,-0.35
N360V,-0.0003204554705664761,-0.75
N360L,-0.0003197579897021273,-0.59
N360K,-0.00031167216078090745,-0.12
N360G,-0.0003174247698622806,-0.01
C361G,-0.00032613703283098673,-0.72
C361Y,-0.0003191796186301808,-0.64
C361A,-0.0003187649847481631,-0.59
C361D,-0.00032630233856419924,-0.86
C361E,-0.0003246408766494056,-0.58
C361F,-0.0003211522842146521,-0.59
C361H,-0.0003201324559999842,-0.69
C361I,-0.0003233129174711193,-0.66
C361L,-0.0003223633869183129,-0.7
C361K,-0.0003249689714232487,-0.62
C361N,-0.000323349725563322,-0.59
C361P,-0.0003302208640307586,-0.38
C361Q,-0.0003213223892220904,-0.57
C361R,-0.0003217266636951084,-0.66
C361S,-0.00031833539117721713,-0.61
C361T,-0.00032178537286554654,-0.61
C361V,-0.00032116842031104306,-0.58
C361W,-0.00033253043866588296,-0.7
C361M,-0.00032239317168238025,-0.67
V362P,-0.0003277693713451125,-0.51
V362M,-0.000311091114991496,0.03
V362N,-0.0003198060351193466,-0.1
V362Q,-0.00031576716492518793,-0.03
V362T,-0.0003145792918793348,0.08
V362S,-0.00031406860227951926,-0.1
V362W,-0.00033069156748239016,0.0
V362L,-0.00031119259623027843,-0.03
V362R,-0.0003168858523361344,0.0
V362K,-0.00031522879755974565,-0.02
V362G,-0.0003204304733710877,-0.21
V362H,-0.00031814233744509654,-0.05
V362F,-0.00031297243634079353,-0.01
V362E,-0.0003186657451216105,-0.05
V362D,-0.0003225893156788804,-0.18
V362C,-0.00032370462603954845,-0.09
V362A,-0.00031103872096360617,-0.09
V362Y,-0.00031835301973083687,0.0
V362I,-0.0003097109520004569,0.04
A363V,-0.0003142330886244493,-0.13
A363S,-0.00031063575165906666,-0.19
A363R,-0.0003160277889267441,-0.56
A363Q,-0.00031426353475191604,-0.02
A363P,-0.000318048687217185,-0.15
A363N,-0.0003148830976433765,-0.43
A363I,-0.0003196215674058715,-0.25
A363L,-0.0003188748705696142,-0.06
A363K,-0.0003149908472025198,-0.54
A363H,-0.0003163360662096987,-0.21
A363G,-0.0003145300817601997,-0.13
A363E,-0.0003132139920064622,-0.47
A363F,-0.00032598946685408946,-0.12
A363W,-0.0003381925580170055,0.06
A363M,-0.0003168943154465375,-0.14
A363Y,-0.00032491327057836193,-0.17
A363T,-0.0003099261204370437,-0.18
A363C,-0.0003220442644461627,-0.09
A363D,-0.0003158711043288178,-0.66
D364H,-0.0003225213708319443,-0.5
D364I,-0.0003337178259315401,-0.69
D364K,-0.00032401121772375057,-0.45
D364L,-0.0003330146971408158,-0.91
D364M,-0.00033253622120604776,-0.82
D364N,-0.0003116135657395515,-0.22
D364P,-0.0003348274708075123,-0.57
D364A,-0.0003224285868145028,-0.62
D364R,-0.00032573996897485437,-0.58
D364S,-0.0003171180494170627,-0.39
D364T,-0.0003219018898793121,-0.57
D364V,-0.00033054496136033807,-0.64
D364W,-0.0003403170269863491,-0.62
D364Y,-0.0003323246258876498,-0.55
D364F,-0.00033657636145204424,-0.77
D364E,-0.00031083607453580737,-0.3
D364C,-0.0003435552845952648,-0.46
D364Q,-0.0003196199813042676,-0.46
D364G,-0.00032142444403267055,-0.62
Y365A,-0.000325239147151069,-0.29
Y365C,-0.0003328527450467879,-0.45
Y365W,-0.00032560503328305385,-0.01
Y365V,-0.00032182796935068745,-0.11
Y365T,-0.00032512321541464806,-0.33
Y365S,-0.00032386089509056014,-0.42
Y365Q,-0.0003221312776289863,-0.6
Y365P,-0.00032957506900871256,-0.38
Y365N,-0.00032519676721854557,-0.55
Y365R,-0.00032318406281092927,-0.61
Y365L,-0.0003186802775580773,0.0
Y365M,-0.0003196746520610279,0.03
Y365E,-0.00032865250803594596,-0.61
Y365F,-0.00031114603741751445,0.0
Y365G,-0.00033414146723189134,-0.37
Y365D,-0.0003292001813111676,-0.68
Y365I,-0.00032129657263841953,-0.05
Y365K,-0.0003261216517423703,-0.6
Y365H,-0.00031526799943628784,-0.55
S366G,-0.0003156493193318501,0.0
S366Y,-0.0003198767015059352,-0.23
S366A,-0.0003113129116940105,-0.03
S366C,-0.00031958117741631974,-0.38
S366D,-0.0003201052230451394,0.05
S366E,-0.0003170873047981502,0.02
S366F,-0.00031850899614317625,-0.23
S366H,-0.0003182069637694887,0.03
S366I,-0.0003139610165980325,-0.09
S366L,-0.0003149570708469622,-0.08
S366M,-0.00031556500427758514,-0.02
S366N,-0.0003125447917434051,0.08
S366P,-0.00032476295379794495,-0.43
S366Q,-0.00031580888349431194,0.01
S366R,-0.00031770289365644073,-0.01
S366T,-0.000311587787198908,-0.01
S366W,-0.00033655053316282646,-0.12
S366V,-0.00031403776986900506,-0.05
S366K,-0.0003181276060143326,0.0
V367A,-0.0003139150781792538,0.11
V367H,-0.0003227805491984593,0.02
V367G,-0.00032620450360327374,-0.04
V367C,-0.0003301844714854706,-0.09
V367E,-0.0003227560143721731,0.02
V367D,-0.00032852265255149665,-0.05
V367I,-0.0003104101272427184,-0.03
V367F,-0.0003121669366897229,0.07
V367K,-0.0003246079430932242,0.05
V367Q,-0.0003217512102269415,0.02
V367M,-0.0003112895766862808,0.04
V367N,-0.0003249080908738621,0.02
V367P,-0.0003294774681587249,-0.02
V367R,-0.00032557063068073747,-0.04
V367S,-0.0003188724884908216,0.02
V367T,-0.0003158513161017964,-0.01
V367W,-0.0003339256579166122,0.14
V367Y,-0.0003186388106582114,-0.02
V367L,-0.0003109823236386793,0.02
L368A,-0.0003144072905732999,-0.83
L368V,-0.0003118103974369316,-0.24
L368G,-0.0003288058097308205,-1.03
L368C,-0.00032694382009221544,-0.97
L368D,-0.0003280640643408986,-0.93
L368E,-0.0003219717017609775,-0.99
L368F,-0.0003115197955297843,-0.05
L368H,-0.00031795045426766515,-0.96
L368I,-0.0003111027971272944,-0.04
L368K,-0.00032227183783606854,-1.02
L368N,-0.00032080674232316597,-0.99
L368P,-0.0003299256852547765,-0.96
L368Q,-0.0003162886763031054,-0.9
L368R,-0.00032340106023921804,-1.01
L368S,-0.00031504651293076593,-0.99
L368T,-0.0003156991498449705,-0.9
L368M,-0.0003114944296096688,-0.16
L368Y,-0.0003170226492098908,-0.48
L368W,-0.0003302871583955829,-0.4
Y369A,-0.00032803099617092796,-0.01
Y369C,-0.00033068421054616837,-0.1
Y369E,-0.0003302415067627031,-0.11
Y369F,-0.0003112057649705322,-0.08
Y369L,-0.0003217127457998535,0.05
Y369M,-0.00032387684389820085,0.06
Y369N,-0.0003260821513743824,-0.09
Y369P,-0.0003351970910089557,-0.17
Y369D,-0.0003293506268526004,-0.17
Y369Q,-0.00032717999120631373,0.01
Y369H,-0.00031650141291232533,-0.07
Y369I,-0.00032506505640491387,0.04
Y369W,-0.0003254574673061566,-0.05
Y369V,-0.0003254982143148885,0.0
Y369K,-0.00032909776948140723,-0.04
Y369G,-0.0003319254433275299,-0.09
Y369R,-0.00032848050087713764,-0.03
Y369S,-0.00032600885123974305,-0.03
Y369T,-0.0003275014606406159,0.02
N370S,-0.0003123054513524858,-0.02
N370R,-0.00031642563120174485,-0.05
N370Q,-0.00031613229019662476,0.02
N370P,-0.00032997280593379127,-0.12
N370M,-0.0003265095208914188,-0.12
N370L,-0.0003295265436640707,-0.17
N370K,-0.000313418868340944,-0.04
N370H,-0.0003150884597580543,-0.03
N370F,-0.00033384419901578895,-0.23
N370E,-0.000316712715592051,0.0
N370D,-0.00031081340674425054,-0.04
N370C,-0.00033128196600376857,-0.48
N370A,-0.0003176016816452368,-0.1
N370I,-0.0003269720129019055,-0.58
N370G,-0.00032303800099680766,-0.04
N370V,-0.0003261009680410117,-0.45
N370Y,-0.00032564995331925287,-0.14
N370W,-0.00034657497037983464,-0.27
N370T,-0.00031292160500341387,-0.02
S371V,-0.0003169289404542448,-0.18
S371D,-0.00031547546854940626,0.01
S371E,-0.0003152123805302293,-0.05
S371F,-0.00032022059876808293,-0.19
S371G,-0.0003164129540944605,-0.1
S371H,-0.00031563221167506706,-0.12
S371I,-0.0003174433933873862,-0.17
S371W,-0.00033617255520090194,-0.11
S371K,-0.00031497208321085146,-0.13
S371Y,-0.0003198053269337596,-0.12
S371N,-0.0003120998756115772,-0.05
S371P,-0.0003190233671374894,-0.16
S371Q,-0.0003138058010462411,-0.1
S371R,-0.0003148305514433772,-0.11
S371T,-0.00031121995209336563,-0.03
S371L,-0.0003162013587760626,-0.14
S371M,-0.0003170964526830465,-0.14
S371A,-0.00031150339605858824,-0.09
S371C,-0.00032174080399575424,-0.26
A372Y,-0.00032281971010558736,-0.18
A372S,-0.0003107219805702485,-0.19
A372R,-0.000315187476979216,0.03
A372Q,-0.00031369145541142407,-0.08
A372P,-0.0003182644438575031,-0.14
A372N,-0.00031499160806306776,-0.2
A372M,-0.0003146607800440253,-0.04
A372L,-0.00031562394755896116,-0.17
A372K,-0.0003136501875058554,-0.05
A372I,-0.0003146100891732083,-0.13
A372G,-0.00031355063768231017,0.0
A372F,-0.0003211952377189732,-0.09
A372E,-0.0003122215898881629,0.01
A372D,-0.0003148474191364489,-0.1
A372C,-0.00032343568524692535,-0.18
A372V,-0.00031013219659008196,-0.12
A372W,-0.00033659414803054703,-0.1
A372H,-0.000318847292301136,-0.13
A372T,-0.0003099029054111696,-0.16
S373Y,-0.0003187270763345525,-0.01
S373W,-0.00033259247806441194,-0.04
S373C,-0.00032031621552787236,-0.07
S373T,-0.000311387932544043,0.0
S373R,-0.00031284819366607906,-0.01
S373Q,-0.00031502506251608587,0.05
S373P,-0.00031751329306065333,-0.08
S373N,-0.0003122702908160082,-1.06
S373M,-0.00031683029781058374,0.01
S373A,-0.00031124107475273273,-0.03
S373L,-0.0003169163569913356,-0.02
S373I,-0.0003160895590976946,-0.02
S373H,-0.0003161870370394399,-0.01
S373G,-0.00031455128635839505,-0.01
S373F,-0.0003187703517414132,-0.02
S373E,-0.0003187144987244168,-0.01
S373D,-0.00032061438507108547,-0.04
S373K,-0.00031503132498367323,-0.04
S373V,-0.0003146747154976005,-0.07
F374A,-0.0003240656309584792,-0.29
F374I,-0.0003148143509664783,-0.15
F374C,-0.00033283870424329065,-0.61
F374D,-0.0003308493875183651,-0.24
F374E,-0.0003296438098328374,-0.32
F374G,-0.00032841498493118166,-0.24
F374H,-0.00032031114117329456,-0.24
F374K,-0.00032691401776982774,-0.28
F374L,-0.00031323339395043613,-0.25
F374N,-0.00032569372035908304,-0.92
F374M,-0.0003179097599338942,-0.22
F374Q,-0.00032648003461879723,-0.32
F374R,-0.00032546193297229597,-0.36
F374S,-0.000322117564580802,-0.35
F374T,-0.0003240670648879735,-0.32
F374V,-0.0003157240124265696,-0.32
F374W,-0.000325847683417357,-0.02
F374Y,-0.00031148601332145324,-0.06
F374P,-0.0003267461426690724,-0.33
S375F,-0.00032197771841208013,-0.55
S375H,-0.0003178599469790942,-0.13
S375G,-0.0003179126804678438,-0.2
S375E,-0.00031562464989177464,-0.11
S375Y,-0.00032272347880458606,-0.29
S375C,-0.000324187175504635,-0.5
S375A,-0.0003117346098735776,-0.13
S375I,-0.0003207917006954094,-0.69
S375D,-0.00031851183473829764,-0.04
S375K,-0.00031459160026189203,-0.23
S375R,-0.0003125649369896067,-0.37
S375M,-0.0003178931790267213,-0.44
S375N,-0.00031232455773140067,-0.13
S375P,-0.0003234961502493973,-0.4
S375Q,-0.0003146149469751686,-0.03
S375T,-0.00031127610945458123,-0.06
S375V,-0.0003197960210239803,-0.55
S375W,-0.00033198098029476025,-0.53
S375L,-0.00031857483399167175,-0.6
T376L,-0.0003187422584288718,-0.04
T376M,-0.0003154327140393823,-0.06
T376N,-0.00031356301629814875,-0.19
T376P,-0.00031846885197010924,-1.01
T376K,-0.00031247656011057013,-0.08
T376W,-0.000332370505778694,-0.09
T376Y,-0.0003207728313538191,-0.09
T376R,-0.000313476289901224,-0.12
T376Q,-0.0003137070706109783,-0.01
T376I,-0.0003161810086827904,-0.07
T376S,-0.0003105841243444984,-0.07
T376G,-0.00032028173098672775,-0.61
T376F,-0.0003214720797557486,-0.12
T376E,-0.0003163559949032828,-0.13
T376D,-0.00031890175821082574,-0.98
T376C,-0.00034034601577322783,-0.25
T376A,-0.00031054157175515825,-0.26
T376H,-0.00031733003101850813,-0.02
T376V,-0.00031634503265861815,-0.06
F377A,-0.00031961919703262583,-0.59
F377C,-0.0003374686928499616,-0.4
F377D,-0.00032958306389724,-4.01
F377H,-0.0003184716495958165,-0.62
F377I,-0.00031563994318878943,-0.16
F377K,-0.00032298248744067114,-0.71
F377L,-0.00031209714236637786,-0.2
F377M,-0.0003163152596000977,-0.7
F377E,-0.0003254655031640981,-2.12
F377P,-0.00032890908777105085,-0.81
F377N,-0.0003222847373487438,-0.84
F377Y,-0.0003109840150902052,-0.24
F377W,-0.0003252473293283467,-0.07
F377V,-0.0003156521988963856,-0.15
F377G,-0.0003292567132498838,-1.87
F377S,-0.00031747845150032855,-0.83
F377R,-0.0003240321823582346,-0.64
F377Q,-0.00032102441867317447,-1.37
F377T,-0.0003189345688587647,-0.44
K378W,-0.0003377302240314019,-0.6
K378V,-0.0003201577750979122,-0.09
K378T,-0.0003130156210296658,-0.16
K378S,-0.00031518872947273346,-0.11
K378R,-0.00031004868921855256,0.08
K378Q,-0.0003114056664475848,-0.01
K378P,-0.00032658948148223983,-4.02
K378N,-0.0003143548614287695,-0.02
K378L,-0.000320486993604257,-0.06
K378I,-0.0003194941700862696,-0.11
K378H,-0.0003164986094338446,-0.17
K378F,-0.00032324181212652227,-0.5
K378E,-0.0003126878452319754,-0.04
K378D,-0.00032236552318062076,-0.03
K378C,-0.0003223537239893533,-0.14
K378A,-0.00031691586535836615,-0.1
K378Y,-0.0003206562089901315,-0.42
K378M,-0.00031841788601894033,-0.13
K378G,-0.00032494666650364557,-0.89
C379Y,-0.0003238085186209907,-1.05
C379D,-0.0003288206757753736,-4.79
C379A,-0.0003180682003638544,-1.44
C379W,-0.00033526483686159466,-0.46
C379V,-0.00031949056477782674,-0.84
C379T,-0.00031881922239968837,-0.9
C379S,-0.00031566269291917454,-1.61
C379Q,-0.00032312031440255405,-2.98
C379P,-0.0003289703780145787,-3.66
C379N,-0.000329980660355756,-3.32
C379R,-0.00032325132873614566,-4.12
C379L,-0.0003199942661661476,-0.97
C379K,-0.0003264470952098424,-4.7
C379I,-0.0003218170246643432,-1.24
C379H,-0.000322738590665624,-2.5
C379G,-0.00032619379888064074,-4.51
C379F,-0.0003223909710395645,-0.65
C379E,-0.00032755816230976197,-4.06
C379M,-0.00031958609959878794,-0.97
Y380P,-0.0003315291344791721,-4.8
Y380W,-0.00032208605910134146,-0.08
Y380V,-0.00032086121408562914,-0.95
Y380T,-0.0003249210957364594,-0.77
Y380S,-0.00032286604651296036,-1.17
Y380R,-0.0003250043397331837,-1.34
Y380Q,-0.00032383001585785837,-1.42
Y380N,-0.0003210679984242543,-1.49
Y380G,-0.0003305764961036658,-4.12
Y380L,-0.00031984548281237355,-1.53
Y380A,-0.00032498210504686186,-1.9
Y380M,-0.00032069526454733756,-1.07
Y380D,-0.00032616086532445937,-3.05
Y380E,-0.00032660416023804276,-1.8
Y380C,-0.00032632648125466453,-1.37
Y380H,-0.0003181072442155135,-0.53
Y380I,-0.0003204430392756765,-0.73
Y380K,-0.00032492310323775143,-1.53
Y380F,-0.00031169615715203653,-0.04
G381R,-0.00032466886461202495,-0.03
G381Y,-0.00033779741972333696,-0.79
G381W,-0.00033747921613661773,-0.87
G381V,-0.00032621585213098576,-0.7
G381T,-0.00032374199014522856,-0.53
G381S,-0.00031763004418535677,-0.27
G381Q,-0.0003267070227313585,-0.12
G381L,-0.00032942258670212054,-0.65
G381N,-0.0003236231554331783,-0.02
G381A,-0.0003166071374118562,-0.52
G381C,-0.0003310375073624706,-0.7
G381D,-0.0003230349341435219,-0.55
G381E,-0.0003228158238640191,-0.54
G381P,-0.0003286318243345873,-0.97
G381F,-0.00033646776324075127,-0.81
G381H,-0.00032852282813470007,-0.15
G381I,-0.00033120973692666987,-0.86
G381K,-0.00032726397265249224,-0.07
G381M,-0.0003297452208383385,-0.58
V382D,-0.0003208548813847604,-0.62
V382E,-0.0003198680862234225,-0.52
V382A,-0.0003124523237757297,-0.26
V382F,-0.00031377299625107554,-0.01
V382G,-0.0003284178176735296,-0.68
V382H,-0.00032145017282473974,-0.32
V382I,-0.00030997023571689394,0.0
V382C,-0.00034208569415235555,-0.06
V382K,-0.00032042027783974456,-0.52
V382N,-0.00032276693564742357,-0.56
V382M,-0.00031177344887816613,-0.14
V382P,-0.0003210059473201785,-0.42
V382Q,-0.00031971476111745424,-0.56
V382R,-0.00032104739666172395,-0.86
V382S,-0.00031695137998763727,-0.55
V382Y,-0.0003215598596518937,-0.14
V382W,-0.0003304142338126453,-0.35
V382T,-0.0003158342142977868,-0.11
V382L,-0.00031108536756797184,-0.05
S383G,-0.0003189724889779222,-0.13
S383A,-0.0003110611019692642,-0.01
S383C,-0.0003316405946966802,-0.14
S383D,-0.0003137668274278633,0.02
S383E,-0.0003142620949696483,0.09
S383F,-0.0003246870316208018,-0.14
S383H,-0.00032081273556317484,-0.08
S383I,-0.00032105307970474017,0.05
S383K,-0.00031589385991197635,0.01
S383Y,-0.0003239833116999594,-0.07
S383W,-0.0003358465674254994,-0.2
S383T,-0.00031082953698786806,0.06
S383R,-0.0003180649988967794,-0.06
S383V,-0.00031753098014200755,-0.01
S383P,-0.0003138137022903934,-0.08
S383N,-0.00031123259408400925,0.0
S383M,-0.0003207583047701258,-0.04
S383L,-0.0003201407669382777,-0.07
S383Q,-0.00031520598930162607,-0.05
P384W,-0.00033986322049165654,0.03
P384N,-0.00032159350139366206,-0.18
P384V,-0.0003184006905705556,0.03
P384T,-0.00031498063411285627,-0.05
P384S,-0.00031446114194177776,-0.09
P384R,-0.00031849591519452413,0.03
P384Q,-0.0003191938759862955,0.03
P384M,-0.00031811438459911784,-0.02
P384F,-0.0003221658441089591,0.02
P384K,-0.00032019309073288613,0.04
P384I,-0.00031917263041868606,0.02
P384H,-0.00031997499298318954,-0.03
P384C,-0.0003338736209079026,-0.16
P384E,-0.00032332936961727637,-0.02
P384D,-0.00032471276041287097,-0.14
P384A,-0.0003157608907520537,0.01
P384L,-0.00031416430683091037,0.01
P384Y,-0.0003214720095224673,-0.06
P384G,-0.00032467331271984404,-0.17
T385A,-0.00030946483409788697,0.0
T385D,-0.0003157754992745752,-0.01
T385E,-0.0003138973793923527,0.06
T385F,-0.00032171454260130147,-0.01
T385G,-0.00031861530006727833,-0.02
T385H,-0.0003164770770803363,0.01
T385I,-0.00031264596863796835,-0.04
T385K,-0.00031211506941144335,-0.04
T385L,-0.0003153941208512785,-0.01
T385M,-0.0003117679297128065,0.01
T385N,-0.0003118303144249688,0.01
T385P,-0.0003198422813452985,-0.04
T385Q,-0.0003136780232963652,0.03
T385R,-0.0003135080938721302,0.19
T385S,-0.0003104449424655627,-0.01
T385V,-0.0003132848925039886,-0.04
T385C,-0.0003421854371174245,-0.26
T385W,-0.0003387039675079549,-0.03
T385Y,-0.0003214440859403558,0.0
K386L,-0.0003129202647182947,-0.07
K386T,-0.0003117885022114696,-0.01
K386S,-0.0003137875169819954,0.04
K386R,-0.00030972930044521056,-0.06
K386Q,-0.00031058040783336004,0.01
K386P,-0.0003206921625774111,-0.54
K386N,-0.0003132268681080437,0.04
K386M,-0.00031337575095896636,-0.05
K386Y,-0.00032526633913649975,-0.13
K386I,-0.00031405739421836994,-0.08
K386H,-0.0003169154556642249,0.01
K386G,-0.00032087535438627497,-0.06
K386F,-0.00032365526960107725,-0.22
K386E,-0.00031143399972383747,0.02
K386D,-0.0003173587388722614,-0.06
K386C,-0.0003318890215183746,-0.18
K386V,-0.00031491321601553033,-0.08
K386W,-0.0003353963311226089,-0.42
K386A,-0.00031388687366401693,-0.03
L387C,-0.0003300644896298249,-0.64
L387Y,-0.0003190239992370216,-0.57
L387W,-0.0003295458285525757,-0.26
L387V,-0.00031165769857772205,-0.43
L387T,-0.00031818520901058945,-0.56
L387S,-0.0003197221941397308,-0.59
L387R,-0.0003201187136879327,-0.7
L387Q,-0.00031959407107622154,-0.53
L387P,-0.00032509989211246525,-0.64
L387N,-0.0003242706302012034,-0.58
L387M,-0.0003116177416934053,-0.13
L387K,-0.0003223248932273577,-0.66
L387I,-0.0003109894406111898,-0.17
L387D,-0.00032756945230973957,-0.54
L387G,-0.00033204061420340284,-0.56
L387F,-0.00031359946737117124,-0.31
L387H,-0.0003197038632532975,-0.66
L387A,-0.00031901619163724447,-0.51
L387E,-0.0003235799619651459,-0.52
N388S,-0.00031104469079252123,-0.08
N388T,-0.00031133684953740516,-0.14
N388W,-0.0003372620021557115,-0.34
N388A,-0.00031545192869460593,-0.07
N388C,-0.00035219572232824,-0.33
N388D,-0.00031140674335789886,0.03
N388E,-0.00031501633017810425,-0.09
N388F,-0.00032492322029322037,-0.38
N388G,-0.0003195470264832616,-0.06
N388I,-0.00031732960961882,-0.29
N388K,-0.00031094273547908966,-0.14
N388L,-0.0003182252010115468,-0.27
N388M,-0.00031718749257400103,-0.07
N388P,-0.00032172606085944345,-0.04
N388Q,-0.00031344706700340744,-0.05
N388R,-0.0003139075456598286,-0.07
N388H,-0.0003118388419158798,-0.09
N388V,-0.00031684028264208284,-0.16
N388Y,-0.00032267433306595894,-0.32
D389L,-0.00032789706715616014,-0.2
D389C,-0.0003307875295558129,-0.16
D389E,-0.00031153776939703737,0.03
D389F,-0.0003299349033729541,-0.12
D389H,-0.00031748733601041977,-0.03
D389I,-0.0003287703653348307,-0.4
D389K,-0.00031848768034228544,-0.07
D389M,-0.0003267980158001255,-0.15
D389A,-0.0003133635537791046,-0.1
D389N,-0.0003116044646768428,-0.05
D389Q,-0.00031661335891002945,-0.02
D389R,-0.00032031621552787236,-0.08
D389S,-0.0003151008091100257,0.04
D389T,-0.0003165155180963305,-0.02
D389V,-0.00032380750609118454,-0.29
D389W,-0.00034576370574691963,-0.25
D389Y,-0.00032566308109009256,-0.04
D389P,-0.00032827921814555176,-0.46
D389G,-0.00031873220921686476,-0.05
L390A,-0.00031876366787413773,-0.05
L390F,-0.0003101369080727061,-0.04
L390C,-0.0003242644145558036,-0.07
L390D,-0.00032468343801790584,-0.27
L390E,-0.000321846709931262,-0.04
L390S,-0.00031961593118504285,-0.12
L390P,-0.0003264755513943375,-0.43
L390T,-0.0003188470464846513,-0.12
L390V,-0.00031230117004870994,-0.1
L390W,-0.00032791159373985346,-0.16
L390Y,-0.00031642086119138625,0.01
L390N,-0.0003218398504807831,-0.09
L390M,-0.00031175792147021357,0.02
L390K,-0.0003213401640950463,-0.06
L390I,-0.00031129987171477254,-0.06
L390H,-0.0003174847490845566,-0.06
L390R,-0.0003202765805460952,-0.08
L390Q,-0.0003171092175819325,-0.07
L390G,-0.0003287545043187917,-0.09
C391M,-0.00032289290489030464,-0.12
C391I,-0.00032295548274399066,-0.13
C391H,-0.0003245260452343925,-0.05
C391N,-0.00032277500076923236,-0.07
C391P,-0.0003331749694888646,-0.07
C391Q,-0.0003245696776604334,-0.02
C391R,-0.0003216321940789144,-0.07
C391S,-0.00031850385155531713,-0.09
C391T,-0.00032047028978884174,-0.08
C391V,-0.00032067301815546877,-0.09
C391W,-0.00033984169399092166,-0.17
C391Y,-0.0003263747666355951,-0.13
C391L,-0.00032291312036978757,-0.12
C391K,-0.0003243434152917795,-0.06
C391F,-0.0003245107929067919,-0.16
C391A,-0.000320335430183096,-0.08
C391G,-0.00032829053740939657,-0.15
C391E,-0.0003260179932718659,-0.07
C391D,-0.0003267762903050934,-0.12
F392I,-0.000312772523158194,-0.05
F392K,-0.0003250211254874272,-0.34
F392L,-0.00031065787221630633,-0.08
F392M,-0.0003149220829673012,-0.08
F392N,-0.0003254044236204143,-0.21
F392P,-0.0003299725484117596,-0.03
F392R,-0.00032380642918087047,-0.4
F392S,-0.0003202763405823839,-0.11
F392A,-0.00032218925520274366,-0.02
F392G,-0.00033126009418940036,-0.27
F392E,-0.0003287266977921491,-0.36
F392V,-0.00031343314910815253,0.0
F392W,-0.00032409443830938106,0.02
F392Y,-0.00031152962233640035,0.02
F392D,-0.0003321865004343211,-0.32
F392C,-0.0003238008631933232,-0.04
F392T,-0.00032136714538063296,-0.01
F392H,-0.0003227932263057436,-0.11
F392Q,-0.0003231407113180138,-0.23
T393F,-0.0003251307420812998,-0.21
T393V,-0.0003162561875577059,-0.08
T393S,-0.00031055562133781574,0.0
T393R,-0.0003148728552898458,-0.05
T393Q,-0.0003143982070689115,-0.05
T393P,-0.0003264789577084831,-0.16
T393N,-0.00031448467594380464,-0.03
T393M,-0.0003143824514027945,-0.14
T393L,-0.00031832719729439255,-0.13
T393K,-0.0003100325180055209,-0.03
T393I,-0.00031653353293299767,-0.09
T393H,-0.00031714913349683514,-0.07
T393G,-0.00031907550364334756,-0.11
T393E,-0.0003167884153638032,-0.02
T393D,-0.0003189797990919564,-0.06
T393C,-0.00032194173556093336,-0.14
T393A,-0.00031111484213504657,0.03
T393W,-0.0003359514608312009,-0.37
T393Y,-0.00032601403679701635,-0.09
N394T,-0.0003132037379473846,-0.04
N394S,-0.000311043362212949,0.01
N394F,-0.0003301063603710585,-0.07
N394A,-0.0003182674755941482,0.01
N394C,-0.0003322298285161428,-0.1
N394D,-0.00031299635662586784,-0.08
N394E,-0.0003152432012351966,-0.02
N394W,-0.00034409709339149335,-0.08
N394G,-0.0003224118244713531,-0.08
N394H,-0.0003160033418920596,0.0
N394I,-0.00032863161948751675,-0.13
N394L,-0.00033029768168223904,-0.12
N394M,-0.00032667622543748495,-0.05
N394P,-0.0003292907822441137,-0.08
N394Q,-0.0003159792401710085,-0.06
N394R,-0.00031874802341071623,-0.08
N394Y,-0.00032459239227417783,-0.02
N394V,-0.0003279756991674089,-0.06
N394K,-0.0003139807462973194,-0.1
V395S,-0.00031814909739842683,-0.51
V395T,-0.0003149360535375171,-0.36
V395R,-0.0003220004447313715,-0.55
V395I,-0.0003098684413547321,0.0
V395P,-0.00033017339218533706,-2.03
V395N,-0.00032089930393521655,-1.02
V395M,-0.0003115169393763426,0.04
V395L,-0.0003121473825736394,-0.03
V395Q,-0.0003205425305714873,-0.51
V395W,-0.00033235103360143873,-0.57
V395F,-0.0003164937574846578,-0.19
V395A,-0.0003121617803963169,-0.16
V395C,-0.00032868471584822004,-0.03
V395D,-0.0003218260847576378,-3.52
V395E,-0.00031875082103642344,-1.02
V395K,-0.00031998593766953377,-0.9
V395G,-0.00033015619088417887,-0.18
V395Y,-0.0003234266485647245,-0.53
V395H,-0.0003232534474401332,-0.59
Y396T,-0.0003254835706757263,-0.02
Y396A,-0.0003263006997876343,-0.38
Y396G,-0.00033802995626512513,-1.08
Y396R,-0.00032633448784873885,-0.59
Y396Q,-0.00032564971920831504,-0.24
Y396P,-0.0003324206113721663,-4.8
Y396N,-0.00032577518511267973,-0.07
Y396M,-0.0003211649027942019,-0.1
Y396L,-0.000320024589385372,-0.12
Y396K,-0.00032739585904932735,-0.51
Y396I,-0.0003227353774930021,-0.05
Y396H,-0.0003202391696182275,-0.29
Y396C,-0.00032306784428860947,-0.23
Y396F,-0.00031255971631569276,-0.02
Y396E,-0.0003289375732194132,-0.52
Y396W,-0.00032094206429801397,-0.03
Y396D,-0.0003284379804780515,-0.3
Y396S,-0.00032303075526328136,-0.38
Y396V,-0.0003234065325823901,-0.06
A397T,-0.00031016788094978304,-0.47
A397V,-0.0003152109641590553,-0.15
A397S,-0.00031036678745534975,-0.7
A397R,-0.0003150682676896652,-2.52
A397P,-0.0003210748929913739,-3.95
A397N,-0.00031498465496821376,-4.48
A397L,-0.0003197183839842174,-0.06
A397I,-0.00031951596581458297,-0.29
A397H,-0.000316574022419698,-1.52
A397G,-0.0003155221210065454,-1.07
A397F,-0.0003223288731133011,-0.47
A397D,-0.00031672495959410025,-4.36
A397C,-0.0003227544692399833,-0.13
A397Y,-0.0003237247010524687,-0.67
D398C,-0.00032954822818968864,-4.53
D398M,-0.00033134102634061347,-1.39
D398L,-0.00033233898859368657,-4.79
D398E,-0.0003104004760193057,-1.59
D398I,-0.00033497305854698477,-3.38
D398H,-0.00031911789528141785,-0.85
D398N,-0.0003130483468123898,-3.46
D398K,-0.0003218467216368089,-4.8
D398P,-0.00033387764761603356,-4.54
D398G,-0.00032473138979075,-4.76
D398R,-0.00032260901026152667,-4.8
D398S,-0.0003196402201948443,-2.08
D398T,-0.0003221750154049492,-1.23
D398V,-0.0003306660786540323,-2.08
D398W,-0.0003478236244779259,-2.88
D398Y,-0.0003324527079817449,-1.09
D398A,-0.0003225399709459561,-4.34
D398F,-0.0003373210859036502,-1.72
D398Q,-0.0003191110182726187,-4.47
S399H,-0.00031908913475270356,-2.0
S399G,-0.00031857206562983174,-0.92
S399C,-0.00031948547286492863,-0.83
S399E,-0.0003171314405627075,-1.49
S399D,-0.0003188539644628646,-1.33
S399I,-0.0003195296730099938,-1.5
S399F,-0.0003232200456620761,-0.45
S399K,-0.0003163361832651676,-0.97
S399P,-0.00032256333521755304,-3.93
S399M,-0.000320031004025069,-0.35
S399N,-0.0003119513731909285,-0.39
S399Q,-0.00031643125571702654,-0.49
S399R,-0.0003166195277332417,-0.62
S399A,-0.0003112822607194731,-0.37
S399T,-0.00031171245127331056,-0.1
S399W,-0.0003373916059709026,-0.52
S399Y,-0.00032173868529176676,-0.3
S399L,-0.0003225629781983728,-0.87
S399V,-0.0003185900219387645,-1.26
F400K,-0.00033615062485879926,-4.72
F400L,-0.00031683408455500335,-1.61
F400H,-0.00032921127231684804,-3.84
F400I,-0.00031881976670761886,-4.8
F400A,-0.00032814101075339487,-3.59
F400C,-0.0003291426134315515,-4.61
F400D,-0.00034033769898216085,-4.8
F400G,-0.0003376730073181925,-4.8
F400Y,-0.0003116570957420571,-0.9
F400W,-0.00032517280596405714,-4.77
F400E,-0.0003370388534625309,-4.34
F400T,-0.0003296409946488098,-4.8
F400S,-0.0003283438503227174,-4.8
F400R,-0.0003352365211436623,-4.8
F400Q,-0.0003342722474545451,-4.38
F400P,-0.00034196705258182907,-4.78
F400N,-0.00033421727235356563,-4.8
F400M,-0.00032229274979559156,-0.66
F400V,-0.00031968086185365423,-4.5
V401L,-0.0003110302051782421,-0.33
V401T,-0.0003181219288240899,-0.37
V401S,-0.0003210610570349472,-1.75
V401R,-0.000324198968843129,-4.8
V401Q,-0.0003230634020335639,-3.35
V401P,-0.0003389737510999543,-4.8
V401N,-0.00032655264997894336,-4.03
V401K,-0.00032385431072043326,-4.76
V401M,-0.0003109716189160463,-0.64
V401H,-0.00032332066654316196,-4.63
V401G,-0.00033186652931002116,-4.32
V401F,-0.00031444944224765897,-3.38
V401E,-0.00032392649297534435,-4.13
V401D,-0.0003320342112692528,-4.37
V401C,-0.0003249203407286849,-0.77
V401W,-0.00033503275098336184,-4.69
V401A,-0.00031584545162280337,-0.66
V401I,-0.000309801067153207,-0.26
V401Y,-0.0003213204343957594,-4.8
I402W,-0.0003346841715024572,-2.35
I402A,-0.00032463536333681933,-0.96
I402V,-0.00031089406381511165,0.01
I402T,-0.00032305788872097764,-0.55
I402S,-0.00032730851811119073,-2.26
I402R,-0.0003289818670088535,-3.42
I402P,-0.0003381840714955086,-4.65
I402N,-0.0003312739886735615,-4.69
I402M,-0.0003122366373686929,-0.91
I402L,-0.0003118519813922663,-0.05
I402K,-0.0003285662732719907,-4.71
I402H,-0.0003263751002436815,-4.42
I402G,-0.0003376161359186165,-4.8
I402F,-0.000316094890974304,-4.8
I402E,-0.0003333342468654276,-3.37
I402D,-0.00033767895373601383,-4.67
I402C,-0.00032829411345397215,-0.18
I402Y,-0.00032268235721835356,-4.53
I402Q,-0.0003294154463185163,-4.36
R403G,-0.0003217880241719176,-1.7
R403N,-0.00031577475011957415,-1.47
R403T,-0.0003165951333735182,-0.69
R403S,-0.0003144286766074721,-0.84
R403Q,-0.0003132993312960802,-0.72
R403P,-0.0003266769804452595,-1.25
R403Y,-0.0003263608487403402,-2.34
R403M,-0.00032037465547073195,-0.55
R403L,-0.00032014261056191324,-1.4
R403K,-0.00031117390247189147,-0.06
R403I,-0.0003205703136870361,-1.73
R403H,-0.0003132064653398105,-2.19
R403F,-0.000326540247952011,-3.49
R403E,-0.0003171272324185997,-2.11
R403D,-0.00032094706256653694,-2.21
R403C,-0.00032621664225540104,-1.51
R403A,-0.00031916509204648745,-1.06
R403V,-0.0003198663362441621,-2.03
R403W,-0.0003360881406494884,-2.82
G404A,-0.0003180654846769754,-0.93
G404D,-0.0003214860737370583,-2.46
G404C,-0.00032763858526968525,-1.17
G404E,-0.00032291749239155183,-1.28
G404F,-0.0003403302191376967,-1.97
G404H,-0.0003262840837638208,-0.93
G404I,-0.0003359947128269678,-2.78
G404K,-0.00032721784109218985,-1.02
G404L,-0.000333925616947198,-2.29
G404M,-0.00033261981636917884,-1.36
G404N,-0.00032107180272699433,-1.47
G404Y,-0.0003385125174357586,-1.39
G404Q,-0.00032602532094422044,-1.02
G404R,-0.00032601717388358343,-1.29
G404S,-0.0003190829132545303,-1.02
G404T,-0.00032443819510496606,-2.47
G404V,-0.000330834404418343,-2.56
G404W,-0.0003588074424654503,-3.07
G404P,-0.000332712255072987,-4.8
D405Y,-0.000331409199445714,-0.28
D405W,-0.0003463169391569151,-0.49
D405V,-0.00032693541550954684,-0.6
D405T,-0.00031997485836940024,-0.36
D405S,-0.0003175081484727942,0.01
D405R,-0.0003209473434996624,-0.11
D405Q,-0.0003168220980749857,-0.03
D405P,-0.00032574237446474075,-1.45
D405L,-0.00033247560403146617,-0.42
D405M,-0.0003288477916747495,-0.08
D405K,-0.0003187041861376047,-0.2
D405I,-0.0003313345239093148,-0.93
D405H,-0.00031635968800332727,-0.15
D405G,-0.00031907952449870505,-0.33
D405C,-0.00032870514788032045,-0.28
D405F,-0.0003341930828409128,-0.02
D405A,-0.0003181472830386585,-0.07
D405N,-0.00031036581882134444,-0.1
D405E,-0.00031187189252753004,-0.25
E406G,-0.00032350378811874447,-0.59
E406H,-0.0003177768844183467,0.0
E406M,-0.00032090071445361703,-0.44
E406N,-0.00031757923040629746,-0.56
E406I,-0.0003209136373773861,-2.12
E406A,-0.0003148860006190058,-0.38
E406C,-0.0003254932862796469,-0.83
E406D,-0.00031123249458686066,-0.07
E406K,-0.000312641830727142,-0.96
E406L,-0.00032192487372063503,-1.4
E406F,-0.0003262243386524827,-0.9
E406W,-0.0003356477604170812,-0.57
E406V,-0.0003179184630080086,-0.6
E406T,-0.0003165648335653876,-0.68
E406S,-0.0003166619544879527,-0.53
E406R,-0.00031738968833824454,-2.01
E406Q,-0.0003124199813496664,0.07
E406P,-0.00032184233205672427,-4.42
E406Y,-0.0003251511038801189,-0.78
V407K,-0.0003231155678032892,-1.15
V407D,-0.00032792799906382293,-4.8
V407E,-0.00031894770248237786,-1.66
V407F,-0.00032188181486639185,-1.09
V407G,-0.0003263706813997297,-2.63
V407H,-0.00032477983904933704,-3.09
V407L,-0.00031096720007209446,-0.03
V407T,-0.00031337633623631096,-0.56
V407N,-0.0003246259579298914,-4.44
V407P,-0.00032606046099599103,-4.3
V407Q,-0.0003217910910252034,-0.67
V407R,-0.0003234905959673969,-0.76
V407S,-0.00031629762519370453,-1.54
V407C,-0.0003240936130683252,-0.67
V407W,-0.0003391683089948506,-1.78
V407Y,-0.0003266029077445253,-1.48
V407M,-0.0003111553491800672,-0.33
V407A,-0.0003114293818855885,-0.86
V407I,-0.00030967987084707125,-0.1
R408F,-0.00033004438535303744,-0.11
R408A,-0.0003155554818151883,-0.06
R408C,-0.00032656434967306215,-0.09
R408D,-0.00031926313185448357,-0.1
R408E,-0.00031575728544361087,-0.16
R408G,-0.00032251562926119366,-0.08
R408H,-0.0003141393564577095,-0.06
R408I,-0.0003228625231433458,-0.09
R408L,-0.0003211637849144737,-0.21
R408K,-0.00031029431841453976,0.0
R408N,-0.0003164685730005191,-0.06
R408P,-0.0003236100686317528,-0.06
R408Q,-0.0003112308616630692,-0.07
R408S,-0.0003141471406463929,-0.06
R408T,-0.0003156375201405827,-0.11
R408V,-0.00032247198512960583,-0.14
R408W,-0.00033861230137024166,-0.1
R408Y,-0.0003282209830497628,-0.14
R408M,-0.0003193758679766029,-0.1
Q409R,-0.0003106020455367904,-0.78
Q409M,-0.000319741678022533,-0.54
Q409N,-0.00031308340492533217,-0.65
Q409P,-0.0003181395164082955,-4.63
Q409S,-0.00031238964057212165,-0.57
Q409D,-0.00031459401745732526,-0.33
Q409V,-0.0003235269651015912,-1.06
Q409W,-0.00033831759666890865,-0.9
Q409Y,-0.00032824863740429575,-0.45
Q409L,-0.0003218687222121929,-0.75
Q409T,-0.00031341228982359053,-0.67
Q409K,-0.00031067431558330324,-0.65
Q409F,-0.00033276855875353877,-0.72
Q409H,-0.0003108070242948075,-0.67
Q409G,-0.0003223477834243055,-1.0
Q409E,-0.00031106557348817705,-0.15
Q409C,-0.00032749813041252503,-0.43
Q409A,-0.0003153001721319212,-0.92
Q409I,-0.0003252771199451875,-1.86
I410V,-0.00031010510410179985,-0.11
I410T,-0.00031148991712134184,-4.48
I410S,-0.0003138595529175704,-4.8
I410R,-0.00031893559309411777,-4.8
I410Q,-0.00031697225683051963,-4.21
I410P,-0.0003224114381883056,-3.49
I410N,-0.00031758607815122943,-3.6
I410F,-0.00031521868396723076,-3.27
I410E,-0.0003204330954135916,-4.8
I410G,-0.00032730459090020837,-4.57
I410H,-0.0003180917811880689,-4.55
I410L,-0.0003113214216266012,-0.36
I410C,-0.00032847414476517515,-1.14
I410K,-0.0003191023795790122,-4.74
I410M,-0.0003112018670234171,-0.72
I410D,-0.0003232206894671552,-3.39
I410A,-0.00031489579230898116,-4.62
I410W,-0.0003387779524170875,-4.79
I410Y,-0.0003230297368807017,-4.18
A411W,-0.0003387402605560944,-0.3
A411Y,-0.00032837661414846886,-0.93
A411D,-0.00031906328305239204,-0.69
A411E,-0.00031432140112297793,-0.09
A411F,-0.0003267299773088142,-0.81
A411G,-0.00031393746503768525,-0.1
A411H,-0.00031740756856112246,-0.55
A411I,-0.0003152628314373349,-0.72
A411K,-0.0003171169725067486,-0.33
A411C,-0.0003217427646748587,-0.4
A411M,-0.000316046927495913,-0.29
A411L,-0.0003152131706546445,-0.73
A411T,-0.000310496484914916,-0.52
A411S,-0.0003111050797089384,-0.14
A411V,-0.00031120349994720855,-0.4
A411Q,-0.0003156160287564885,-0.08
A411P,-0.00031682027786244393,-4.5
A411N,-0.00031612737971970347,-0.57
A411R,-0.00031755484775212084,-0.18
P412V,-0.00032679213961558554,-0.66
P412M,-0.00033025043809498187,-1.32
P412T,-0.0003190064701805504,-1.05
P412S,-0.0003172379200700129,-1.5
P412R,-0.00032268073014733554,-1.5
P412Q,-0.00031988209776305255,-1.57
P412N,-0.00032265732490632446,-3.32
P412L,-0.00032621405532953784,-1.15
P412G,-0.0003252109426358321,-1.6
P412I,-0.0003301263827090177,-0.92
P412H,-0.0003254590241438932,-2.32
P412F,-0.00033244614116993834,-3.87
P412E,-0.0003222578672658526,-2.2
P412D,-0.0003260981235931169,-3.12
P412C,-0.00032495708444037967,-2.35
P412W,-0.0003425228202427267,-4.37
P412K,-0.00032158290787372455,-0.95
P412A,-0.0003153076110069712,-1.07
P412Y,-0.0003328275488571023,-4.47
G413A,-0.0003177851719455464,-0.16
G413Y,-0.00033261569601667276,-0.07
G413W,-0.00033681147906692216,-0.41
G413V,-0.000326087407164937,-0.59
G413T,-0.0003212665830272815,-0.47
G413S,-0.0003154955611206468,-0.11
G413R,-0.0003207785787773432,-0.08
G413Q,-0.00032229248642078647,-0.12
G413P,-0.0003275396675456722,-4.65
G413N,-0.0003181662226135302,-0.15
G413M,-0.0003300258437667601,-0.07
G413L,-0.0003309258013284778,-0.12
G413K,-0.00032257761013198817,-0.13
G413I,-0.0003321899769817481,-0.6
G413H,-0.00032325623921306695,-0.06
G413F,-0.0003339446969886324,-0.03
G413C,-0.00033247800952135255,-0.06
G413E,-0.0003193294496304017,-0.2
G413D,-0.0003196259043109951,-0.3
Q414W,-0.0003343926858265196,-0.8
Q414A,-0.00031359610202643973,0.16
Q414E,-0.0003117673912576494,-0.06
Q414F,-0.00032099602101641386,-0.53
Q414G,-0.00031845486969434646,-0.01
Q414H,-0.0003119552418741764,-0.18
Q414I,-0.00031876232758901857,-0.1
Q414K,-0.0003106795128461234,-0.04
Q414C,-0.00032238864163573294,-0.16
Q414M,-0.0003162961737058899,0.04
Q414N,-0.000313691519791932,-0.36
Q414P,-0.00031508792715567073,-1.01
Q414R,-0.0003108146124155804,-0.04
Q414S,-0.0003131387546038122,0.0
Q414T,-0.00031346353085511143,0.01
Q414V,-0.0003163150840168943,0.01
Q414Y,-0.0003195143621546587,-0.41
Q414L,-0.0003160465880350531,-0.26
Q414D,-0.00031656932849539424,-0.88
T415H,-0.0003169549092100253,0.05
T415A,-0.0003109737493255807,-0.04
T415C,-0.00032112505125980723,-0.3
T415D,-0.00031785023722794703,-0.21
T415F,-0.0003206143499544448,-0.12
T415G,-0.0003178730279277463,-0.02
T415I,-0.0003148749505827395,-0.1
T415K,-0.00031254438204926386,0.0
T415L,-0.00031784899643997645,-0.27
T415M,-0.00031439569622910315,-0.09
T415E,-0.0003155096780101989,-0.13
T415P,-0.0003143882105318655,-0.29
T415Q,-0.00031409957515659615,-0.06
T415R,-0.0003138693446075457,0.05
T415S,-0.0003109571274489937,0.01
T415V,-0.0003154937701719723,-0.09
T415W,-0.00033084692935351774,-0.25
T415Y,-0.0003211170446657329,-0.09
T415N,-0.0003119221268820182,-0.02
G416I,-0.0003289021405289703,-4.79
G416K,-0.0003233706726394857,-2.22
G416L,-0.00032774988160953685,-3.2
G416M,-0.0003257619578446915,-2.03
G416N,-0.0003148975656993354,-1.27
G416P,-0.0003222915207131679,-4.4
G416Q,-0.00032084604369685675,-1.93
G416V,-0.0003246637083186189,-4.6
G416S,-0.00031402650913289466,-1.11
G416T,-0.0003190088171427023,-2.02
G416A,-0.00031485196674141657,-1.31
G416Y,-0.0003287290681653948,-2.74
G416W,-0.0003351210517763436,-3.21
G416H,-0.00032238898694936626,-1.56
G416R,-0.0003219504503405946,-2.89
G416F,-0.000328647720467267,-4.05
G416C,-0.000328805370772812,-2.36
G416D,-0.0003162741672777324,-1.47
G416E,-0.0003171948378046759,-2.01
K417N,-0.0003107308211845389,-0.45
K417A,-0.0003136273265727748,-0.35
K417Q,-0.00031085034359746905,-0.62
K417R,-0.00031020983948261833,-0.17
K417S,-0.0003131940106379171,-0.46
K417Y,-0.00032325712883463076,-0.08
K417L,-0.00031415160045975883,-0.31
K417I,-0.00031381617216078765,-0.34
K417H,-0.00031544646220420724,-0.17
K417G,-0.00031900895175649156,-0.51
K417F,-0.00032085818820175744,-0.13
K417E,-0.00031220504995040413,-0.75
K417D,-0.00031966577925648357,-1.04
K417C,-0.00032737266450816034,-0.42
K417T,-0.00031238635716621837,-0.26
K417V,-0.0003138863527671802,-0.32
K417W,-0.0003374782504289991,-0.31
K417P,-0.00031756376737885277,-0.35
K417M,-0.00031344624176235156,-0.39
I418W,-0.0003373044054993287,-4.44
I418Y,-0.00032295969088809846,-4.57
I418D,-0.00032425104096847916,-4.8
I418V,-0.00031005727231081135,-0.17
I418C,-0.0003274925585722043,-1.05
I418A,-0.0003148474835169568,-1.46
I418F,-0.0003187886884806199,-2.66
I418G,-0.0003256181142317059,-4.55
I418K,-0.00031825159116701543,-4.64
I418L,-0.00031116143021167776,-0.73
I418H,-0.0003185510307620664,-4.76
I418N,-0.00031719714965018717,-4.79
I418P,-0.0003251609540978287,-4.73
I418Q,-0.0003171012051350848,-1.82
I418R,-0.00031857208904092555,-4.76
I418S,-0.0003165595602165126,-3.48
I418T,-0.00031368117794125267,-0.85
I418M,-0.0003114722885677221,-0.76
I418E,-0.0003207023112865667,-4.8
A419G,-0.00031574857651672306,-0.8
A419C,-0.00031874740886950436,-0.27
A419D,-0.00031298868363987994,-3.23
A419E,-0.00031265935978361313,-3.75
A419F,-0.00031847236948695035,-1.07
A419K,-0.00031440892349709137,-2.04
A419I,-0.0003148239612204768,-0.73
A419N,-0.00031451077346060096,-0.91
A419H,-0.0003168424189043907,-0.77
A419Q,-0.0003142207217141576,-1.15
A419Y,-0.0003206194126034757,-0.86
A419W,-0.00033280360516093417,-2.69
A419P,-0.0003184849880665002,-0.22
A419R,-0.00031461164015817155,-1.14
A419S,-0.0003103593544330732,-0.1
A419T,-0.00030963961839769547,-0.23
A419M,-0.0003148598796911157,-1.11
A419L,-0.0003152237173523944,-2.28
A419V,-0.0003095045949142932,-0.49
D420K,-0.00031771003989281845,-0.05
D420A,-0.0003192285536689638,-0.11
D420C,-0.000329186556054585,-0.27
D420E,-0.00030990366919810436,-0.13
D420F,-0.00033634825545975474,-0.32
D420G,-0.00032022286964418,-0.56
D420I,-0.000333719464708105,-0.66
D420L,-0.00033180852247239657,-0.18
D420H,-0.00031738568504120735,-0.29
D420N,-0.0003102660144021543,-0.02
D420P,-0.00032648386818540445,-4.55
D420Q,-0.0003168910905683687,-0.01
D420S,-0.0003159784441938198,-0.11
D420T,-0.00032151907752652105,-0.26
D420V,-0.00032979894929857396,-0.67
D420W,-0.0003478239580860123,-0.3
D420Y,-0.0003293600205539814,-0.3
D420M,-0.0003298332641092886,-0.14
D420R,-0.00032055410150459034,-0.05
Y421I,-0.0003229939003488911,-0.47
Y421H,-0.00031944575594432316,-0.6
Y421P,-0.0003333165246674327,-4.76
Y421C,-0.0003280961258338365,-0.43
Y421Q,-0.0003275396207234846,-0.76
Y421D,-0.00033279064712052445,-1.72
Y421E,-0.0003309372025311508,-2.08
Y421W,-0.0003207825996327007,-0.61
Y421V,-0.00032418704089084575,-0.63
Y421T,-0.0003265821303987915,-1.18
Y421S,-0.00032611726801505916,-0.76
Y421K,-0.0003268232529592252,-0.52
Y421L,-0.00032118911571794856,-0.14
Y421M,-0.00032308728720199754,-0.39
Y421R,-0.00032613269007308974,-0.63
Y421A,-0.0003287763176054254,-0.68
Y421N,-0.0003267830736695175,-0.18
Y421F,-0.0003110617282160229,-0.02
Y421G,-0.0003343175888904323,-0.72
N422I,-0.0003183715203477001,-4.77
N422A,-0.00031495151656496176,-1.36
N422C,-0.00032171405682110545,-2.45
N422D,-0.00031132056712167804,-2.64
N422E,-0.0003142854124190577,-4.8
N422F,-0.00032442943350311724,-4.8
N422G,-0.0003175031150876305,-2.48
N422H,-0.00031258295767904733,-4.8
N422K,-0.0003122871585090799,-4.73
N422L,-0.0003225666069179094,-4.8
N422M,-0.00031906856810681386,-4.34
N422P,-0.0003298270426111154,-4.59
N422Q,-0.00031411078321774553,-3.9
N422R,-0.00031543737869981885,-4.77
N422S,-0.0003113274236457702,-0.75
N422T,-0.0003128815252108548,-4.53
N422V,-0.000317825638021153,-4.8
N422W,-0.0003410243522156343,-4.8
N422Y,-0.00032382609449964947,-4.62
Y423H,-0.00031471871079559504,-4.26
Y423I,-0.0003216660757843941,-2.16
Y423G,-0.00033254161746316507,-4.72
Y423F,-0.000312241571256708,-0.58
Y423Q,-0.00032130889272652364,-4.44
Y423C,-0.00032794167699536656,-4.57
Y423K,-0.00032292256674612964,-4.7
Y423A,-0.0003231632796124221,-4.8
Y423E,-0.0003243867609319215,-4.53
Y423L,-0.00031896072490329545,-3.11
Y423D,-0.00032474716886796075,-4.7
Y423N,-0.00032223669778429795,-4.77
Y423P,-0.0003270758762194805,-4.78
Y423R,-0.0003211707965370622,-4.79
Y423S,-0.00032109291368081453,-4.79
Y423T,-0.00032107523245223377,-4.75
Y423V,-0.0003217607209837914,-4.43
Y423W,-0.0003224297398108717,-4.52
Y423M,-0.0003188706448671861,-2.77
K424G,-0.0003197621217601803,-0.75
K424H,-0.0003142077578209744,-0.08
K424I,-0.00031521922827516124,-2.03
K424L,-0.00031614534773418307,-1.11
K424M,-0.00031445039624973065,-0.68
K424N,-0.0003106957133230223,-0.3
K424P,-0.0003209183547127837,-1.77
K424T,-0.00031230059647691224,-4.8
K424R,-0.0003105134638106832,-0.07
K424S,-0.0003131780208608623,-0.77
K424V,-0.0003155696279686076,-0.89
K424W,-0.00033583772973759567,-4.31
K424D,-0.00031574242525183113,-1.75
K424Y,-0.0003192195403978568,-0.82
K424A,-0.0003141847622741046,-0.21
K424Q,-0.000310950847423086,-0.56
K424C,-0.00032173852141411025,-0.52
K424E,-0.00031150390524987807,-2.56
K424F,-0.0003219475005427778,-0.9
L425H,-0.0003179696689228888,-4.8
L425G,-0.00032940465965705505,-4.75
L425M,-0.0003120614404483564,-0.18
L425E,-0.00032734937046984474,-4.8
L425N,-0.0003251157999506918,-4.14
L425P,-0.00032566882266084324,-3.46
L425Q,-0.00032130908586804736,-4.79
L425R,-0.0003203293901208996,-4.6
L425I,-0.0003113787436897326,-0.04
L425F,-0.0003118248537873435,-1.38
L425T,-0.0003199904501578607,-0.83
L425V,-0.00031186658991478786,-0.04
L425W,-0.0003237294710628273,-4.8
L425Y,-0.0003187683442401212,-4.63
L425D,-0.0003303034817807242,-4.8
L425C,-0.0003297097354729346,-0.74
L425A,-0.0003206084854754518,-3.04
L425S,-0.0003227465328791904,-4.52
L425K,-0.0003234398699799393,-4.8
P426V,-0.00033090511762711914,-1.1
P426W,-0.000352666917412841,-1.77
P426D,-0.0003292745290922538,-0.48
P426T,-0.0003242452174589003,-0.57
P426S,-0.0003234193560090106,-0.22
P426R,-0.0003296939154263097,-0.63
P426Q,-0.0003256479575235078,-0.78
P426N,-0.00032840062222514485,-0.37
P426E,-0.00032771571311815834,-0.79
P426F,-0.0003384856883222815,-1.6
P426G,-0.0003326390719938166,-0.29
P426H,-0.0003296225115902669,-0.68
P426I,-0.00033252401817341254,-1.75
P426K,-0.00032825994496259365,-0.58
P426Y,-0.00033889064171701926,-1.58
P426L,-0.0003311146352109437,-1.38
P426C,-0.0003389022185028957,-0.7
P426M,-0.00033451417769771435,-0.93
P426A,-0.00032511943452300185,-0.18
D427F,-0.0003280612959790586,-0.13
D427E,-0.0003127241441328883,0.02
D427C,-0.00033230915700743167,-0.27
D427A,-0.00031740231862334125,0.04
D427H,-0.00031654533797703855,0.0
D427I,-0.0003254219351185651,-0.06
D427K,-0.000320065283719143,-0.04
D427L,-0.0003223309215840072,0.0
D427M,-0.00032317733212146625,-0.04
D427N,-0.00030965396647179865,0.0
D427G,-0.0003174209187373531,-0.05
D427Q,-0.00031731422853020357,-0.35
D427R,-0.00032275450435662403,-0.02
D427S,-0.000315148854527245,-0.06
D427T,-0.0003181628397104783,-0.08
D427V,-0.0003218495602319302,-0.03
D427W,-0.0003383194519980911,-0.13
D427Y,-0.00032239862646723204,-0.09
D427P,-0.00032303561306524164,-0.03
D428V,-0.00032258914009567705,-0.21
D428G,-0.000316582497235648,-0.12
D428H,-0.00031463518586574533,-0.07
D428I,-0.0003254321599137755,-0.26
D428K,-0.0003184757699483226,-0.04
D428L,-0.0003266395929284856,-0.28
D428M,-0.00032442713921592635,-0.21
D428N,-0.00031091265514996325,0.01
D428S,-0.0003160206309848195,-0.08
D428Q,-0.0003171369304641999,-0.12
D428R,-0.0003204235846567416,-0.12
D428F,-0.00032682543019094714,-0.31
D428E,-0.00031105195993714135,-0.06
D428C,-0.00032659000823185,-0.38
D428A,-0.00031722805229398275,-0.13
D428T,-0.0003183053430383447,-0.07
D428W,-0.00033681112204774193,-0.24
D428P,-0.0003296219263129223,-0.09
D428Y,-0.0003216412658777559,-0.18
F429D,-0.00033500976128926545,-4.77
F429E,-0.0003322331938608743,-4.73
F429V,-0.0003192350502474891,-0.93
F429T,-0.00032775109898641367,-3.32
F429S,-0.000327482702501721,-4.79
F429R,-0.000328189290281552,-4.49
F429Q,-0.00032900082414204554,-4.41
F429P,-0.00033285043905405016,-4.47
F429N,-0.00033018012872757354,-4.74
F429W,-0.0003227986225628609,-0.11
F429M,-0.0003194489866752654,-0.73
F429K,-0.0003303011523768926,-4.64
F429I,-0.0003183303987614676,-0.9
F429H,-0.00032398615029508075,-0.86
F429A,-0.0003279076021483632,-3.83
F429C,-0.0003306906954191467,-3.17
F429G,-0.0003386753181819361,-4.8
F429L,-0.000316093802358443,-0.69
F429Y,-0.00031162264631755314,-0.54
T430L,-0.00031669656193733964,0.01
T430K,-0.00031602373295474596,0.03
T430D,-0.00031969424714652555,-0.56
T430H,-0.00031857129891651033,-0.02
T430G,-0.00032184771660829473,-0.68
T430F,-0.0003218540083397493,0.03
T430E,-0.0003182495075796686,-0.42
T430C,-0.00031766851446521816,0.0
T430A,-0.00031124349194816596,-0.17
T430M,-0.00031317401171105166,0.03
T430N,-0.0003148937145744078,-0.12
T430P,-0.00032109575812870936,-2.11
T430I,-0.00031263191027615074,0.03
T430R,-0.0003173605942014438,0.0
T430S,-0.00031186074884688865,-0.15
T430V,-0.00031365473511082303,-0.06
T430W,-0.0003380900115734559,-0.18
T430Y,-0.0003212513658163216,0.0
T430Q,-0.0003155276109080378,-0.07
G431V,-0.00033456221140938674,-4.71
G431T,-0.0003242543302271559,-4.6
G431S,-0.00031760533962864063,-4.46
G431R,-0.000324874203315609,-4.79
G431Q,-0.0003256570351751227,-4.67
G431P,-0.00033229389297428414,-4.8
G431N,-0.00032317472178450924,-4.69
G431I,-0.00034065146031383444,-4.8
G431K,-0.00032603331583274785,-4.8
G431D,-0.00032792068894978876,-4.72
G431E,-0.0003270356325492649,-4.8
G431F,-0.00034272630946990176,-4.7
G431W,-0.00034417508159766304,-4.8
G431H,-0.0003290914367805385,-4.8
G431M,-0.00033545765063000397,-4.61
G431L,-0.0003393296231365728,-4.56
G431A,-0.00031820351063315547,-4.8
G431C,-0.0003226737009664267,-2.77
G431Y,-0.00033927760368618364,-4.56
C432I,-0.0003224457003240593,-0.47
C432K,-0.00032454472728723257,-3.88
C432F,-0.00032479752613069125,-0.89
C432G,-0.00032571593748708457,-4.8
C432A,-0.0003174128243516771,-1.88
C432Y,-0.0003218826986351822,-2.42
C432D,-0.0003313023921830956,-4.71
C432W,-0.0003354884479238775,-1.51
C432E,-0.0003274212074111225,-3.87
C432T,-0.0003200767727134177,-4.45
C432S,-0.00031602774795733,-4.5
C432R,-0.0003211713642560864,-4.8
C432Q,-0.00032397227922201347,-4.8
C432P,-0.0003334616032156154,-4.63
C432N,-0.0003248908134866491,-4.29
C432M,-0.00032384555497135784,-0.77
C432L,-0.00032227268648821823,-0.73
C432H,-0.00032242416797055096,-4.55
C432V,-0.00032055114000122657,-0.72
V433L,-0.0003110288414820291,-1.56
V433K,-0.0003274738004333095,-4.79
V433H,-0.00032906642202682975,-4.77
V433C,-0.00032200616289102836,-1.77
V433F,-0.0003189102739961898,-4.62
V433E,-0.00033033460097713725,-4.52
V433D,-0.00033453858376298473,-4.77
V433A,-0.0003186923225658294,-1.58
V433G,-0.0003335293256571606,-4.78
V433M,-0.00031113050415678843,-1.33
V433I,-0.0003087969682671756,-0.12
V433Q,-0.00032650976670790355,-4.8
V433N,-0.0003296426919531092,-4.57
V433Y,-0.0003250407732478859,-4.48
V433W,-0.00033990939302137304,-4.74
V433P,-0.0003320581549654209,-4.8
V433S,-0.0003231474127436096,-4.36
V433R,-0.00033102181607686155,-4.48
V433T,-0.0003203768444080008,-0.71
I434Y,-0.00032467917719883706,-0.01
I434W,-0.00033701686459269376,-0.04
I434V,-0.0003100323833917317,-0.07
I434T,-0.0003180121717636546,-0.36
I434S,-0.0003253406810648125,-0.69
I434R,-0.0003319649085788772,-4.23
I434Q,-0.00032827006440788205,-1.13
I434P,-0.00033953493257628963,-4.45
I434M,-0.00031133348419267365,-0.08
I434L,-0.0003113850998016951,-0.05
I434H,-0.00032963774050677377,-0.6
I434G,-0.00033350191711911236,-0.93
I434F,-0.00031630306242023596,0.03
I434A,-0.00032009666043758767,-0.3
I434C,-0.0003308096120700252,-0.22
I434D,-0.00034214579628287386,-3.68
I434E,-0.0003368045552359354,-4.66
I434N,-0.00033265787110212553,-2.93
I434K,-0.00033280261018944833,-2.18
A435N,-0.0003191704531869641,-1.13
A435G,-0.0003153024137441511,-0.36
A435E,-0.0003183313176468986,-3.36
A435F,-0.0003239196979053734,-0.89
A435H,-0.000322727885942991,-0.94
A435I,-0.00031596706640224054,-0.75
A435K,-0.00032177968396975687,-1.97
A435L,-0.0003169926537459794,-1.53
A435M,-0.00031590969751692157,-0.67
A435P,-0.00032527830220542363,-4.18
A435Q,-0.00031812806838343486,-1.23
A435R,-0.00032199270151210226,-2.76
A435D,-0.00032687956834532385,-3.23
A435C,-0.0003233114425722109,-0.63
A435W,-0.00033847710230363605,-0.52
A435Y,-0.00032679450998883126,-0.5
A435V,-0.0003117240397647339,-0.61
A435T,-0.00031059303226568336,-0.17
A435S,-0.00031059666098521996,-0.07
W436N,-0.0003407537609408994,-1.49
W436Y,-0.0003235810037588193,-0.49
W436V,-0.00033786364970765333,-0.85
W436T,-0.0003374527733061881,-0.72
W436S,-0.00033584141698486675,-0.66
W436P,-0.0003423457270237937,-4.59
W436R,-0.0003338639462733962,-0.62
W436C,-0.00033852462097124517,-1.0
W436E,-0.0003404679114857904,-1.37
W436F,-0.0003256052556884448,-0.39
W436G,-0.0003426996032646671,-1.29
W436H,-0.0003334379287470258,-0.89
W436Q,-0.0003370784240638002,-0.66
W436K,-0.0003379548242123972,-0.67
W436L,-0.0003328173357674388,-0.78
W436M,-0.00033510366318643514,-0.56
W436A,-0.00033719991593499494,-0.75
W436I,-0.00033938774702966634,-0.76
W436D,-0.00034326225378713735,-2.86
N437Y,-0.0003263299929187322,-3.62
N437C,-0.00032144343628250327,-0.42
N437D,-0.0003117899712576046,-1.48
N437E,-0.00031653595598120436,-0.96
N437F,-0.00032829970285261324,-4.24
N437G,-0.00032446008447765463,-0.56
N437H,-0.000316773443969328,-1.89
N437I,-0.000319066326494584,-2.21
N437K,-0.0003146453170165806,-0.78
N437L,-0.0003244384643325446,-2.15
N437M,-0.00032051457187273514,-1.62
N437P,-0.00032712517413021724,-0.36
N437Q,-0.0003156686393369958,-0.75
N437R,-0.0003175004111062984,-0.75
N437S,-0.00031102651207819755,-0.51
N437T,-0.0003136563153596535,-1.23
N437A,-0.0003171284029732889,-0.55
N437V,-0.00031864160828391866,-1.46
N437W,-0.0003424438897400322,-2.96
S438C,-0.0003157562202388437,-0.38
S438V,-0.0003167995297805774,-0.76
S438T,-0.00031079267914709105,-0.1
S438W,-0.0003379713700029294,-2.99
S438R,-0.0003133205827164631,-1.27
S438Q,-0.0003146106159228185,-1.39
S438P,-0.00031396843791476215,-4.61
S438N,-0.00031186789508326636,-1.41
S438A,-0.00031120368138318536,-0.01
S438M,-0.0003188395490818668,-1.42
S438K,-0.00031461552054696634,-2.39
S438I,-0.000317399193242321,-2.39
S438H,-0.0003197045714388845,-2.44
S438G,-0.00031637368198463695,-0.65
S438F,-0.0003249369684580453,-2.79
S438E,-0.0003150618706082886,-2.21
S438D,-0.00031897399314069784,-2.26
S438L,-0.00031883879407409223,-3.43
S438Y,-0.00032629250590480974,-2.56
N439A,-0.00031840740955447176,-0.17
N439E,-0.00031565037283107043,-2.66
N439T,-0.00031562784550607625,-1.08
N439S,-0.0003137163706679842,-1.22
N439R,-0.00031691860445633895,-0.03
N439Q,-0.0003148224102355136,-0.45
N439P,-0.0003241936194081992,-2.39
N439M,-0.000324906686208235,-0.25
N439L,-0.0003261595835670747,-0.06
N439K,-0.00031333570043027447,0.04
N439I,-0.00032430691739656936,-0.25
N439Y,-0.00032539676819274676,-1.2
N439H,-0.0003119980607647083,-0.75
N439G,-0.0003189091034415006,-0.5
N439F,-0.00032830607067012264,-1.14
N439V,-0.0003240485876822041,-0.04
N439W,-0.0003384379823659221,-0.58
N439C,-0.0003219723280077363,-0.12
N439D,-0.0003125430534696916,-1.15
N440G,-0.00031723676122087055,-0.01
N440Y,-0.00032340535617492747,-0.07
N440W,-0.00033867113344892213,-0.11
N440V,-0.0003208425495911094,-0.02
N440T,-0.0003152336612144794,-0.02
N440S,-0.00031143679734954474,0.04
N440R,-0.000317179515243794,-0.03
N440Q,-0.000316076314271386,-0.08
N440P,-0.0003240694996417271,-0.05
N440M,-0.000321125127345862,0.0
N440L,-0.00032098541579092944,-0.07
N440K,-0.00031404613348225954,0.07
N440A,-0.00031577697417348367,0.01
N440C,-0.000321568246676242,-0.15
N440E,-0.0003168513209728022,-0.04
N440I,-0.0003199365519671953,-0.09
N440F,-0.00032473480781044253,-0.03
N440H,-0.0003138732074380202,0.02
N440D,-0.00031320478559383145,-0.02
L441A,-0.00031657750481989846,-0.11
L441Y,-0.0003225371791730223,-0.14
L441C,-0.0003259582364549809,-0.18
L441W,-0.0003290854552460766,-0.05
L441R,-0.00031540191674550875,-0.13
L441F,-0.0003155448297675163,-0.07
L441E,-0.00031792820202302297,-0.03
L441G,-0.00032118725453599267,-0.32
L441H,-0.0003173312601009318,-0.12
L441I,-0.00031074595938305734,0.02
L441K,-0.0003168759904128777,-0.01
L441D,-0.00032189037747394356,-0.03
L441N,-0.0003174656222209346,-0.33
L441M,-0.000311692739132344,-0.03
L441Q,-0.0003148025576279843,-0.03
L441S,-0.0003162532670237563,-0.63
L441T,-0.0003165162789568785,-0.88
L441V,-0.0003121778930816141,0.03
L441P,-0.0003214143538512494,-0.48
D442F,-0.00032765520714627224,-2.7
D442E,-0.0003110360667308484,-1.23
D442C,-0.00032318993314269575,-2.61
D442G,-0.00031521428268159923,-3.7
D442H,-0.000316982809381043,-2.59
D442I,-0.00032437016246642826,-0.65
D442K,-0.0003165650267069113,-4.22
D442M,-0.0003235808632922566,-2.41
D442L,-0.00032340101341703047,-1.48
D442P,-0.0003208451014003319,-4.67
D442Q,-0.00031625410982313255,-4.14
D442R,-0.000318935517008063,-4.11
D442S,-0.00031474806245442743,-2.64
D442T,-0.00031730761489620943,-2.42
D442A,-0.0003135434446237449,-2.8
D442Y,-0.0003251982362646806,-2.48
D442W,-0.00034149387340702976,-4.8
D442N,-0.0003113481044207421,-2.8
D442V,-0.00032010960091967704,-1.42
S443D,-0.0003144550316463,-2.06
S443I,-0.00032183177365342747,-2.37
S443F,-0.0003250647345023743,-2.29
S443G,-0.00031539052724838257,-0.57
S443Y,-0.0003232567015821692,-2.17
S443W,-0.00033433346161201817,-2.39
S443V,-0.00032110621703485757,-1.97
S443T,-0.0003119019406664025,-1.14
S443R,-0.00031339138371684096,-2.18
S443Q,-0.0003142088464368354,-2.14
S443P,-0.0003157910852102623,-2.46
S443N,-0.0003109641624826759,-2.18
S443H,-0.0003161823314095892,-1.97
S443L,-0.00032088678485281527,-2.37
S443K,-0.0003148293516248207,-2.12
S443E,-0.00031552361346377415,-2.52
S443M,-0.00031942995930879205,-2.16
S443A,-0.0003118483994949173,-0.27
S443C,-0.00032158025656735343,-1.36
K444W,-0.00033413989868860775,-0.05
K444C,-0.00032420560588821687,-0.14
K444D,-0.0003184843501141946,-0.18
K444E,-0.00031369888843370064,-0.07
K444F,-0.00032537188805282726,-0.13
K444G,-0.0003209930009853156,-0.76
K444H,-0.00031587717365488143,-0.05
K444I,-0.0003208444107730653,-0.1
K444L,-0.00032106755946624587,-0.1
K444A,-0.00031608062191264237,-0.01
K444N,-0.0003125900336821437,-0.12
K444P,-0.00032162013151284196,-1.14
K444Q,-0.0003118407323617029,0.01
K444R,-0.0003101417424635726,-0.06
K444S,-0.00031417846468987656,-0.09
K444T,-0.0003131353892590807,-0.03
K444V,-0.00032018053653384414,-0.1
K444Y,-0.0003248706623876741,-0.08
K444M,-0.00031982100651382184,-0.04
V445A,-0.00031085128589399387,-0.04
V445M,-0.00031114148981254677,-0.14
V445T,-0.0003131192004877287,-0.02
V445S,-0.0003143255331810309,-0.1
V445R,-0.00031632899605937577,-0.01
V445Q,-0.0003167579399724692,-0.04
V445P,-0.00031893107475301736,0.03
V445N,-0.0003180210387154255,-0.06
V445L,-0.00031091142314115285,-0.03
V445Y,-0.00031667686150192,-0.14
V445K,-0.00031572193469199625,0.02
V445H,-0.00031919129491320575,-0.02
V445G,-0.000319708106514046,-0.29
V445F,-0.0003132072144948116,-0.1
V445E,-0.000314644298634001,-0.18
V445D,-0.0003194143558147847,-0.16
V445C,-0.00031965780192627646,-0.8
V445I,-0.0003093364183957054,-0.01
V445W,-0.00033221733284483535,-0.03
G446C,-0.00031890793288681137,-0.97
G446A,-0.00031297310355696636,-0.26
G446D,-0.00031266096344353733,-0.2
G446K,-0.00031747723412345173,-0.09
G446E,-0.00031483704802190237,-0.12
G446F,-0.00032653382160676716,-0.31
G446H,-0.00031824044748637403,-0.28
G446I,-0.0003211240738466417,-0.26
G446L,-0.00032185747903440285,-0.28
G446M,-0.0003220783744098067,-0.23
G446P,-0.0003198552803551224,-0.26
G446N,-0.0003142503191894747,-0.11
G446R,-0.00031691888538946434,-0.16
G446S,-0.0003114784690964812,-0.2
G446T,-0.0003174108344087054,-0.19
G446V,-0.0003180110538839264,-0.27
G446W,-0.0003325055994953776,-0.2
G446Y,-0.00032409168165308796,-0.34
G446Q,-0.00031739252693336586,-0.17
G447Q,-0.00032056514568808316,-1.59
G447P,-0.0003194044470693404,-1.81
G447R,-0.0003196689807235586,-1.57
G447A,-0.0003150246996441322,-1.18
G447T,-0.00031735831747257325,-1.4
G447V,-0.00031799274055581346,-1.52
G447N,-0.0003186096404353559,-1.47
G447S,-0.00031413300619852045,-1.24
G447M,-0.00032200366375676685,-1.53
G447C,-0.0003204496997318582,-1.78
G447K,-0.00032049292831653136,-1.54
G447I,-0.0003213255204558841,-1.55
G447H,-0.00032159941269484265,-1.87
G447F,-0.0003269268411964482,-1.68
G447E,-0.0003176995751338968,-1.63
G447D,-0.0003174136554455064,-1.76
G447W,-0.0003330372186130365,-1.74
G447L,-0.00032043119911499504,-1.54
G447Y,-0.0003261272704048786,-1.59
N448A,-0.00031468306155253467,-0.56
N448W,-0.00033776953711063957,-1.31
N448Q,-0.00031150013606377877,-0.42
N448P,-0.0003238318360704001,-1.65
N448M,-0.00032218490659207316,-0.77
N448L,-0.0003248554978516752,-1.29
N448K,-0.00031028039466651146,-1.18
N448I,-0.0003231596801567527,-1.42
N448R,-0.00031269703408628584,-1.05
N448V,-0.0003214775052767332,-0.87
N448G,-0.0003198754724235115,-0.91
N448F,-0.0003273930321597529,-1.15
N448E,-0.0003105706044378378,-0.39
N448D,-0.0003120520116303347,-0.67
N448C,-0.0003225951274829124,-0.91
N448Y,-0.00032500869419662765,-0.68
N448H,-0.0003129970882225486,-0.88
N448S,-0.0003101297559835549,-0.89
N448T,-0.0003121290692455265,-0.77
Y449C,-0.00032050319408115585,-1.73
Y449D,-0.0003289251419286136,-1.55
Y449E,-0.0003272790786607567,-1.57
Y449F,-0.000311490982326109,-1.08
Y449G,-0.00032609699400784175,-1.28
Y449H,-0.0003188062702120521,-1.22
Y449I,-0.000321592202077957,-1.44
Y449K,-0.0003241653856290951,-0.98
Y449W,-0.0003190112753075497,-1.43
Y449L,-0.0003190233905485832,-1.51
Y449N,-0.00032353972414770374,-1.22
Y449P,-0.0003287877480719657,-1.41
Y449Q,-0.00032386652545861533,-1.22
Y449R,-0.0003226128730920011,-0.69
Y449S,-0.0003219827225333766,-1.25
Y449T,-0.0003240674570237944,-1.16
Y449V,-0.00032204424103506887,-1.36
Y449M,-0.00031989250399423974,-1.37
Y449A,-0.00032615202178378226,-1.3
N450Y,-0.00031725926513477093,-0.13
N450F,-0.0003202818480421967,-0.26
N450C,-0.000321731053275193,-0.33
N450W,-0.00033120000376442895,-0.16
N450V,-0.00032271482840543267,-0.18
N450T,-0.00031242451724908715,-1.11
N450S,-0.00031134127716051717,-0.07
N450R,-0.0003180622012710721,-0.06
N450Q,-0.0003152809399183772,0.02
N450A,-0.0003168063014394546,0.0
N450P,-0.00032812215311735145,-1.56
N450L,-0.00032193781420272445,-0.14
N450I,-0.0003218136124974241,-0.18
N450H,-0.00031269279082553743,-0.08
N450G,-0.0003221129584480999,-0.05
N450E,-0.0003170013568200938,-0.11
N450D,-0.0003116765210971248,-0.02
N450M,-0.0003206599137957229,-0.02
N450K,-0.0003136498948671831,0.04
Y451W,-0.0003227110943359741,-0.85
Y451T,-0.00032427900552000477,-1.24
Y451A,-0.0003250196622940657,-0.84
Y451C,-0.0003223697430302754,-0.64
Y451D,-0.00032632732405404077,-2.54
Y451E,-0.0003290746627318419,-1.46
Y451F,-0.0003112415663857022,-0.09
Y451G,-0.00033263682452881326,-2.37
Y451H,-0.00031610540840818673,-0.11
Y451I,-0.0003209262735152563,-0.44
Y451K,-0.00032527952543507386,-0.7
Y451L,-0.0003183520832870855,-0.29
Y451M,-0.0003210490003216482,-0.34
Y451N,-0.0003213487676720121,-0.58
Y451P,-0.00033170778453584177,-1.25
Y451Q,-0.0003238362139449378,-0.13
Y451R,-0.0003255413609607334,-1.23
Y451S,-0.00032248871820888836,-0.83
Y451V,-0.0003214559495121311,-0.79
L452D,-0.00032322948033287126,-0.16
L452A,-0.00031474180583961346,0.05
L452C,-0.0003183024225043951,-0.06
L452Y,-0.0003145461768871766,-0.07
L452E,-0.0003160766010572849,0.02
L452F,-0.00031107775310971846,-0.01
L452G,-0.00032630564538119633,0.02
L452H,-0.0003146648535743438,0.0
L452I,-0.0003101044661494942,0.0
L452K,-0.00031048561631462655,0.09
L452M,-0.0003094265042845883,0.06
L452P,-0.0003260157458068626,-1.43
L452Q,-0.0003100244587364856,0.07
L452R,-0.0003064310577612455,0.02
L452S,-0.0003130447883261346,0.03
L452T,-0.0003129230213745878,0.03
L452V,-0.000310835846277643,0.02
L452N,-0.0003145498056067132,0.01
L452W,-0.0003229301929099299,-0.06
Y453A,-0.0003225191877474489,-0.27
Y453E,-0.000330635849079183,-1.18
Y453C,-0.00032053054409146966,-0.26
Y453W,-0.0003223175304383625,-0.16
Y453V,-0.00032154620513144387,-0.11
Y453T,-0.00032146513251366806,-0.55
Y453S,-0.00031960070226853604,-0.21
Y453R,-0.0003293389154529347,-0.3
Y453Q,-0.0003252154960935732,-0.37
Y453G,-0.0003275896970530897,-0.92
Y453P,-0.00033118150314756577,-4.8
Y453M,-0.0003229331427077468,-0.05
Y453L,-0.00032150710275205026,-0.17
Y453K,-0.0003285268724011513,0.08
Y453I,-0.00032331234975209504,-0.53
Y453H,-0.0003163257536228866,-0.07
Y453D,-0.0003287089931524746,-3.49
Y453N,-0.00032191203273569425,-0.82
Y453F,-0.0003128565572793336,0.25
R454Q,-0.0003111608185968526,-4.8
R454S,-0.0003122919080347314,-4.32
R454I,-0.0003286146171806557,-4.39
R454D,-0.00032274092006945554,-4.6
R454W,-0.0003331051751655195,-3.9
R454V,-0.0003270356442548118,-4.77
R454A,-0.0003166005706000497,-3.04
R454C,-0.00032087759599850485,-4.8
R454Y,-0.00032615250756397833,-4.06
R454E,-0.0003170338397127198,-4.39
R454G,-0.0003191673921864518,-4.72
R454F,-0.00032976098235722894,-4.7
R454T,-0.00031562315743454593,-4.41
R454K,-0.0003094306568273483,-1.12
R454L,-0.00032405246807099886,-4.73
R454M,-0.00032140323943447523,-4.56
R454N,-0.0003182301934272964,-4.14
R454P,-0.0003307076684621405,-4.8
R454H,-0.00031381292387152503,-4.74
L455Q,-0.00031814766346893253,-0.63
L455P,-0.00033027501974345567,-0.95
L455R,-0.00031900757635473174,-1.6
L455N,-0.0003228926298099527,-0.8
L455T,-0.00031695954460659464,-0.78
L455V,-0.0003115846852289816,-0.73
L455S,-0.00031820013358287706,-0.78
L455M,-0.0003118451395001078,0.05
L455C,-0.0003185996204872161,-0.71
L455I,-0.0003110395227935683,-0.01
L455H,-0.00031921499279288914,-0.76
L455G,-0.0003309175313595984,-0.54
L455F,-0.00031221698960823426,-0.19
L455E,-0.0003230827571553502,-2.05
L455D,-0.00032946953179793196,-2.25
L455W,-0.0003268803994391532,-0.27
L455A,-0.0003170507542279791,-0.47
L455K,-0.0003208404601509891,-1.99
L455Y,-0.0003191159580134072,-1.5
F456D,-0.0003340904486057614,-4.55
F456C,-0.00032223772201965106,-1.2
F456E,-0.0003309625157763053,-2.45
F456G,-0.0003358153077625236,-2.22
F456H,-0.0003206489808149255,-0.69
F456I,-0.00031849290686897285,-1.21
F456K,-0.00032729095979085236,-1.38
F456L,-0.00031297838861138824,-0.11
F456A,-0.0003265487988540158,-2.17
F456N,-0.0003288867887042211,-2.38
F456P,-0.0003364744471080268,-2.69
F456Q,-0.00032669159482055446,-2.07
F456R,-0.0003262689367861422,-2.08
F456S,-0.000325239422231421,-2.42
F456T,-0.0003259325427795524,-1.65
F456V,-0.00031984291929760416,-0.61
F456W,-0.0003236947875273855,-1.01
F456Y,-0.00031131964238347357,-1.5
F456M,-0.00032018306493197286,-0.22
R457Q,-0.0003119409142847803,-1.32
R457A,-0.00031556812380583197,-0.45
R457Y,-0.00032345928948223355,-3.37
R457W,-0.00033180590628266617,-4.11
R457V,-0.0003213269953547925,-3.49
R457T,-0.0003147592412517095,-1.86
R457P,-0.00032395826182960997,-3.97
R457N,-0.00031592538880253064,-0.91
R457M,-0.00031928293178705186,-1.02
R457L,-0.00031913853216058893,-1.65
R457S,-0.00031204670901759254,-0.56
R457I,-0.0003216973939751043,-2.82
R457H,-0.0003143860859751046,-0.66
R457G,-0.0003194496246275711,-0.65
R457F,-0.0003246701873388238,-3.05
R457E,-0.00031599905180912364,-2.78
R457D,-0.0003201491656681729,-2.15
R457C,-0.00031704465563804824,-2.15
R457K,-0.0003104039262292522,-0.32
K458H,-0.00031513337394147993,0.0
K458G,-0.0003188698196261302,-0.07
K458F,-0.00032208927227396337,-0.11
K458A,-0.0003147514512102527,-0.01
K458D,-0.0003157531065633703,0.09
K458C,-0.00032151869709624707,-0.16
K458I,-0.00031783319395167195,-0.16
K458E,-0.00031290342043631674,0.06
K458L,-0.00031872652032107515,-0.12
K458R,-0.0003106685388959119,-0.01
K458N,-0.00031182880440941966,-0.12
K458P,-0.00032091050029081896,0.03
K458Q,-0.000311451165908355,0.0
K458S,-0.0003134725499789919,-0.04
K458T,-0.0003117888709361967,0.0
K458V,-0.00031641504938735424,-0.06
K458W,-0.00033034027816738,-0.24
K458Y,-0.00032174775709060824,-0.09
K458M,-0.00031581645698315126,-0.04
S459K,-0.00031574810829484735,-0.02
S459I,-0.0003163858674589518,-0.09
S459H,-0.0003170298949434171,-0.02
S459G,-0.00031626433461834293,0.05
S459A,-0.0003113845437882177,-0.03
S459E,-0.0003151901341383605,0.01
S459D,-0.00031508312788144493,0.01
S459L,-0.00031796118825416536,-0.21
S459F,-0.0003171034818639553,-0.1
S459M,-0.0003184915197616661,-0.1
S459C,-0.00031526037912526096,-0.14
S459P,-0.00031491303457955347,-0.22
S459Y,-0.00031782004276973845,-0.09
S459W,-0.0003299285414082182,-0.21
S459V,-0.00031542803767339883,0.0
S459N,-0.00031317898071570743,0.03
S459R,-0.0003152311796385382,-0.01
S459Q,-0.0003149161950772144,-0.03
S459T,-0.00031058949719052194,0.01
N460E,-0.00031567093947696014,-0.03
N460F,-0.00032905152671840936,-0.09
N460G,-0.0003202021098567666,-0.09
N460H,-0.00031401652430139556,0.02
N460I,-0.000321224214800305,0.02
N460A,-0.00031735241787693956,0.03
N460K,-0.00031436340647800085,0.09
N460L,-0.0003248062818797667,-0.05
N460M,-0.00032374231204776807,-0.04
N460P,-0.00032503002755583877,-0.01
N460Q,-0.00031500331360996006,0.02
N460R,-0.00031649467637008885,0.06
N460S,-0.0003122247328275035,-0.08
N460T,-0.0003138792709113104,-0.16
N460V,-0.00032132705388252696,0.05
N460D,-0.0003116389755554679,-0.06
N460Y,-0.00032523755519669166,-0.04
N460W,-0.00034046472172426223,-0.29
N460C,-0.0003214200134831718,-0.07
L461C,-0.0003238644769879092,-0.63
L461D,-0.00032336849540776373,-4.8
L461H,-0.00031752995005388104,-2.22
L461I,-0.000310803193654587,-0.01
L461K,-0.0003194963297596712,-3.78
L461M,-0.000312184044346506,-0.22
L461N,-0.00032052054755442365,-0.98
L461P,-0.00032038054921359224,-3.7
L461Q,-0.00031702278382368004,-2.11
L461R,-0.0003169744633261088,-4.8
L461S,-0.0003169879481161287,-1.31
L461T,-0.00031685797557621045,-0.75
L461V,-0.00031217845494786495,-0.04
L461W,-0.00032842112449052663,-4.56
L461G,-0.0003252143021277902,-3.34
L461F,-0.0003143650979295268,-0.88
L461Y,-0.00031817570995928637,-1.14
L461A,-0.00031722837419652226,-1.0
L461E,-0.0003202175319147972,-4.12
K462E,-0.0003118074359335678,-0.01
K462A,-0.0003138897883451931,-0.07
K462Y,-0.0003231524168649061,-0.08
K462C,-0.00032510151918348326,-0.11
K462W,-0.00033057256889268346,-0.21
K462V,-0.00031534993826453365,-0.08
K462T,-0.00031207726049498134,-0.05
K462S,-0.00031336022355101374,-0.09
K462R,-0.0003103800264288849,-0.05
K462Q,-0.00031126749417206855,-0.02
K462P,-0.000317632408705829,-0.34
K462M,-0.00031474085769031524,-0.04
K462L,-0.0003155607376057429,-0.07
K462I,-0.0003153423647756944,-0.13
K462H,-0.00031610809483119845,-0.24
K462G,-0.0003192603459343232,-0.06
K462F,-0.00032180542446737297,-0.09
K462D,-0.00031578230605009306,-0.08
K462N,-0.0003113728089774582,-0.08
P463M,-0.000327191093917541,-0.71
P463Y,-0.000331315438015107,-0.56
P463A,-0.0003192111299624147,-0.07
P463C,-0.00033353339333470563,-0.57
P463D,-0.00032263688116867715,-0.47
P463E,-0.0003220333314653653,-0.32
P463F,-0.000332531462901236,-0.53
P463G,-0.00032420623798774903,-0.2
P463H,-0.0003205796430079092,-0.53
P463I,-0.00032897971904099875,-0.74
P463K,-0.00032181218442070325,-0.63
P463N,-0.00032117059168999156,-0.53
P463Q,-0.00031928060238322026,-0.44
P463R,-0.00032157071654663623,-0.75
P463S,-0.0003171116933051002,-0.2
P463T,-0.0003190662621140761,-0.59
P463V,-0.0003265265875787877,-0.6
P463W,-0.0003392764331314944,-0.57
P463L,-0.00032601515467674453,-0.84
F464T,-0.0003225956834963898,-0.35
F464S,-0.00032154776782195396,-0.18
F464R,-0.00032473597836513173,-0.23
F464Q,-0.00032410404856337964,-0.12
F464P,-0.0003300181766335457,-2.14
F464N,-0.00032380938483146074,-0.11
F464M,-0.0003159924089112623,-0.06
F464H,-0.0003216647998797828,-0.07
F464K,-0.00032634810139977455,-0.51
F464I,-0.0003156560558740866,-0.66
F464G,-0.0003301528489505411,-0.02
F464E,-0.0003269570180963365,-0.29
F464D,-0.0003282251268133626,-0.39
F464C,-0.0003282198007895267,-0.29
F464Y,-0.00031170764029353785,-0.04
F464L,-0.00031223630961337993,-0.12
F464A,-0.000322663025507661,-0.16
F464V,-0.0003161224809483291,-0.57
F464W,-0.0003205990390991097,-0.1
E465W,-0.00034325536507279127,-0.69
E465Y,-0.00032663372259671917,-0.65
E465T,-0.0003141536079610508,-0.13
E465S,-0.00031375423225940725,-0.29
E465R,-0.0003147570581672141,-0.6
E465Q,-0.00031136966603811765,-0.02
E465P,-0.00031977490421738667,-4.41
E465N,-0.0003142800161619404,-0.39
E465M,-0.00032060150896950397,-0.29
E465L,-0.0003242554832235248,-0.68
E465K,-0.0003112654866707765,-0.51
E465I,-0.00032188462419764603,-0.66
E465H,-0.00031531464018788005,-0.23
E465G,-0.00031956900950032524,-0.11
E465F,-0.0003299562777015794,-0.64
E465D,-0.00031036996258494427,-0.12
E465C,-0.0003257389213284075,-0.44
E465V,-0.0003175172202716357,-0.45
E465A,-0.0003111894357326175,-0.18
R466Y,-0.00032151339448350483,-0.58
R466C,-0.00032525101657561776,-0.38
R466V,-0.0003182109436554321,-0.41
R466T,-0.00031334833071537124,-0.52
R466S,-0.0003114441308746727,-0.46
R466Q,-0.0003115450912166185,-0.08
R466P,-0.0003172975656842024,-1.26
R466N,-0.000314076509376445,-0.63
R466M,-0.00031679683165201873,-0.25
R466L,-0.00031730601708905863,-0.36
R466K,-0.0003109734683924553,-0.03
R466I,-0.00031926021132053396,-0.35
R466H,-0.00031159642003974103,-0.2
R466G,-0.0003177569498719892,-0.97
R466F,-0.00032239671846308863,-0.74
R466E,-0.00031523349148404947,-0.74
R466D,-0.0003168185103248632,-1.21
R466A,-0.0003142741633884942,-0.6
R466W,-0.0003359522333972958,-0.58
D467G,-0.0003177691646101713,-1.55
D467L,-0.0003218137237001196,-2.71
D467C,-0.00032634697181449946,-0.84
D467E,-0.00031146037232098573,-0.8
D467F,-0.0003266551496003054,-1.36
D467H,-0.00031513270087253365,-1.2
D467I,-0.00032213538627594545,-1.59
D467K,-0.0003167365597910705,-4.03
D467M,-0.00032018139689154074,-2.27
D467A,-0.00031313843855404613,-1.29
D467N,-0.0003112900507609299,-1.14
D467Q,-0.0003151103491307429,-1.6
D467R,-0.000318241916532509,-3.95
D467S,-0.00031305092788547954,-0.92
D467T,-0.00031483849365694357,-1.63
D467V,-0.0003172851051295356,-1.09
D467W,-0.0003393720206274166,-2.67
D467Y,-0.0003222817816981535,-1.54
D467P,-0.00032247170419648043,-3.73
I468D,-0.0003255621148953734,-0.08
I468C,-0.0003256509892601529,-0.09
I468R,-0.00032136256265902463,-0.12
I468E,-0.0003239092916741862,-0.11
I468A,-0.00031725341821409826,-0.11
I468S,-0.00031723980466306256,-0.07
I468H,-0.00032174311584126544,-0.18
I468V,-0.00031043641790103835,-0.03
I468Q,-0.00032054787415364364,0.0
I468P,-0.0003163541571324207,-0.22
I468N,-0.0003202389940350241,-0.03
I468M,-0.00031197664546666893,0.07
I468L,-0.00031138718924181535,-0.04
I468K,-0.0003225497509303846,-0.06
I468T,-0.0003152474562014919,-0.14
I468G,-0.0003277910617235038,-0.21
I468F,-0.00031341131241042504,-0.19
I468Y,-0.0003195060980385528,-0.21
I468W,-0.00033273945291119116,-0.3
S469T,-0.0003108068340796705,0.03
S469V,-0.0003176487379437437,-0.51
S469W,-0.0003380078913092332,-0.81
S469Y,-0.00032350938922293246,-0.56
S469H,-0.0003157348049408043,-0.37
S469A,-0.00031342477378935114,-0.06
S469R,-0.0003138331686148752,-0.15
S469Q,-0.0003158522642510947,-0.08
S469C,-0.0003198483974935497,-0.22
S469D,-0.0003179468079898082,-0.03
S469P,-0.0003155788460867853,-2.57
S469N,-0.000310111062225168,-0.08
S469M,-0.00031924758688821065,-0.29
S469L,-0.0003216433553178762,-0.48
S469E,-0.00031747791304517146,-0.09
S469K,-0.00031546354059712304,-0.15
S469G,-0.00031437560365786256,-0.05
S469I,-0.00031951605360618464,-0.65
S469F,-0.0003251917396861554,-0.65
T470V,-0.00031417450236225354,-0.09
T470Y,-0.00032179631755189077,-0.07
T470C,-0.00032174804972928055,-0.07
T470D,-0.00031879188409492153,-0.07
T470E,-0.0003163583886876222,0.01
T470F,-0.00032163415475801885,-0.12
T470G,-0.00032170009795643643,-0.12
T470H,-0.0003184305982428653,-0.06
T470I,-0.0003148314293593941,-0.09
T470K,-0.0003146315161767946,-0.02
T470A,-0.00031067387077252133,-0.04
T470M,-0.00031261658186249535,-0.07
T470N,-0.0003143514024396628,-0.02
T470P,-0.00031816691324079683,-0.25
T470Q,-0.0003161107285792492,0.03
T470R,-0.00031595464681698785,-0.03
T470S,-0.0003107226273017143,-0.02
T470W,-0.00033837342042203784,-0.2
T470L,-0.00031676510376716727,-0.09
E471V,-0.00031939161193717306,-0.06
E471T,-0.00031538511928571835,-0.06
E471S,-0.000314907216922748,-0.04
E471R,-0.0003160133091652384,-0.12
E471Q,-0.00031218429601576417,-0.06
E471P,-0.0003265377605232964,-0.16
E471N,-0.00031500157533624656,-0.03
E471M,-0.00032087155008353495,-0.11
E471H,-0.0003189321048411439,-0.07
E471K,-0.0003129514600007626,-0.15
E471I,-0.0003228323872128717,-0.15
E471G,-0.0003209971564544624,-0.08
E471F,-0.0003282688645893256,-0.07
E471D,-0.00031020619320476137,0.01
E471C,-0.0003264595440589623,-0.41
E471A,-0.0003150628304631337,-0.1
E471W,-0.0003315119156196936,-0.28
E471L,-0.0003241669366140583,-0.18
E471Y,-0.0003275429568043489,-0.14
I472W,-0.0003345452325136195,-0.71
I472P,-0.0003259310971445112,-0.49
I472S,-0.0003178061775494446,-1.04
I472R,-0.0003217139807350506,-1.42
I472Q,-0.000320173437119654,-0.59
I472N,-0.0003207302933964126,-1.11
I472M,-0.0003105379342564615,0.02
I472L,-0.00031097029033647403,-0.1
I472T,-0.00031440452806423335,-0.18
I472K,-0.0003212856630687159,-0.99
I472G,-0.0003295131174017853,-2.17
I472F,-0.00031356212667658494,-0.23
I472E,-0.0003241750836746953,-1.34
I472D,-0.00032725273532747566,-2.09
I472C,-0.00032749062130419364,-0.95
I472A,-0.00031716580804838315,-0.69
I472H,-0.0003223821509099812,-0.37
I472V,-0.0003097018655696818,-0.38
I472Y,-0.0003188101213369796,-0.23
Y473T,-0.00032324998259825304,-1.85
Y473W,-0.00032006915240239087,-0.81
Y473V,-0.0003218323121085845,-1.2
Y473A,-0.00032363275398163,-2.18
Y473C,-0.00032964961578409597,-2.1
Y473D,-0.0003246429368256586,-2.72
Y473E,-0.0003250559729005255,-1.86
Y473F,-0.0003104700186733926,-0.16
Y473G,-0.00032535871931257346,-2.74
Y473H,-0.00031712844394270304,-0.16
Y473I,-0.00032064312218870594,-1.23
Y473K,-0.00032495000843728327,-2.59
Y473L,-0.0003180229408667955,-0.65
Y473M,-0.0003203563655537128,-0.66
Y473N,-0.0003205850685288938,-2.23
Y473P,-0.00032939334039321024,-4.8
Y473Q,-0.0003230655500014186,-1.95
Y473R,-0.0003255364270727183,-2.59
Y473S,-0.0003197364632013925,-2.13
Q474F,-0.00032596387852858297,-0.93
Q474G,-0.0003167847222637587,-0.13
Q474H,-0.00031065779320386483,-0.18
Q474I,-0.00032390868883852125,-0.51
Q474K,-0.00030975108739436376,-0.12
Q474L,-0.0003199755314383466,-0.74
Q474M,-0.0003193515028807467,-0.18
Q474N,-0.0003157734800677363,-0.04
Q474T,-0.0003126264203746583,-0.16
Q474R,-0.00031039227628370766,-0.12
Q474S,-0.00031231673842607667,-0.13
Q474E,-0.0003120209977838437,-0.08
Q474V,-0.0003209026751327215,-0.28
Q474W,-0.00033160753237948304,-0.54
Q474Y,-0.0003219813354260699,-0.65
Q474C,-0.00032716356832402385,-1.18
Q474P,-0.0003203084957196969,-0.16
Q474A,-0.0003134817505388492,-0.06
Q474D,-0.0003198619174002103,-0.14
A475E,-0.00031210897082151244,-0.48
A475T,-0.0003094751759485663,-0.36
A475S,-0.00031001557130000765,-0.1
A475Q,-0.0003134710458162162,-0.8
A475P,-0.00031542941307515865,-1.62
A475N,-0.00031306670696269035,-1.67
A475M,-0.00031469352631145634,-0.38
A475V,-0.0003093552467678816,-0.14
A475L,-0.00031499377358924286,-1.27
A475I,-0.0003138066965205784,-0.48
A475H,-0.00031562043589489344,-1.98
A475G,-0.00031316901929530214,-0.13
A475F,-0.0003200846271353824,-1.38
A475D,-0.0003146367544090289,-2.01
A475C,-0.0003271903272042196,-0.66
A475K,-0.00031326772631947114,-1.06
A475W,-0.000331755671928178,-2.26
A475R,-0.00031453738016868705,-0.86
A475Y,-0.00032081461430345104,-1.69
G476W,-0.0003382596425062451,-0.57
G476A,-0.0003152846505767421,-0.26
G476F,-0.00032700056858354915,-1.22
G476H,-0.0003227671814639083,-0.38
G476D,-0.0003169770092825579,-0.54
G476V,-0.0003205420564968382,-1.96
G476C,-0.00032846253286265804,-1.89
G476I,-0.00032507703117938465,-2.31
G476K,-0.00031992224193611957,-1.68
G476L,-0.00032559793972163715,-2.51
G476M,-0.0003246336718852934,-1.67
G476N,-0.00031679500558670355,-0.84
G476P,-0.00032301478304454684,-2.56
G476Q,-0.00031955647871237706,-1.12
G476R,-0.000319618254736101,-1.18
G476S,-0.00031366698496564576,-0.02
G476T,-0.00031963053385479094,-0.89
G476Y,-0.0003261514657703049,-0.98
G476E,-0.0003161246640328245,-1.35
S477N,-0.0003065341807029796,0.06
S477T,-0.0003093720676387658,-0.01
S477D,-0.00031041488554753007,0.09
S477W,-0.00033070598871616145,0.02
S477Y,-0.0003202287165648527,-0.02
S477E,-0.000312542848622621,-0.04
S477C,-0.0003412727614790084,-0.44
S477A,-0.0003109552604142644,-0.07
S477F,-0.0003197965828902311,-0.05
S477V,-0.00031542843566199316,-0.05
S477R,-0.0003117114475226646,-0.03
S477M,-0.00031635186869800327,-0.07
S477I,-0.0003142953562811427,-0.06
S477Q,-0.0003128592729662126,-0.01
S477G,-0.0003147108095514428,-0.06
S477H,-0.0003158332602957151,-0.02
S477P,-0.00031375951731382913,0.06
S477L,-0.00031545977141102374,-0.02
S477K,-0.00031155829507351296,0.03
T478F,-0.00032147396434879826,-0.08
T478G,-0.00032015081615028473,-0.12
T478H,-0.00031436124095182575,-0.02
T478D,-0.0003169426008274681,-0.06
T478I,-0.0003092328857598301,-0.04
T478K,-0.0003077877921001797,0.02
T478Y,-0.0003232047816289286,-0.04
T478W,-0.0003331671443307671,-0.11
T478L,-0.0003122799420394208,-0.08
T478E,-0.0003125610156313978,-0.07
T478V,-0.0003114032580313117,-0.06
T478C,-0.00033320905018864144,-0.25
T478A,-0.00030894309738819186,-0.03
T478P,-0.00031390767442084446,-0.31
T478N,-0.0003113074978785728,-0.06
T478M,-0.0003103451380463725,-0.02
T478R,-0.00030984668659583283,-0.04
T478Q,-0.0003113995122563062,0.01
T478S,-0.00030942326770087256,-0.01
P479A,-0.0003148365680944798,-0.02
P479M,-0.0003210234237016886,-0.05
P479N,-0.0003199259701528047,-0.05
P479S,-0.00031440819775318407,-0.03
P479C,-0.000330033516752748,-0.17
P479D,-0.000320466134319695,-0.03
P479E,-0.0003195842793862462,0.02
P479F,-0.0003237851719077141,-0.11
P479G,-0.00032764034695449256,-0.04
P479H,-0.0003213569908187039,-0.07
P479R,-0.00031711237222682,-0.06
P479T,-0.0003157975466721468,-0.1
P479Q,-0.0003161927493463233,-0.03
P479W,-0.00033554760190509755,-0.29
P479I,-0.0003210060760811943,-0.13
P479K,-0.0003174306284885002,-0.03
P479L,-0.00031660813238334204,-0.06
P479V,-0.0003196841335540106,-0.07
P479Y,-0.00032409324434359805,-0.08
C480M,-0.0003260433474864345,-3.94
C480N,-0.0003268403020882738,-3.47
C480P,-0.00032449837917431266,-3.52
C480Q,-0.00032561669200775853,-3.8
C480K,-0.0003295431011601498,-3.72
C480S,-0.00032073737525228246,-3.38
C480T,-0.0003235788206743239,-3.49
C480V,-0.00032611832151427947,-3.35
C480W,-0.00033259477235160283,-3.62
C480Y,-0.0003259932711568295,-3.55
C480I,-0.00032757196314954794,-3.81
C480L,-0.0003261315546350412,-3.86
C480R,-0.0003242160413832713,-3.56
C480G,-0.00032516309036013653,-3.44
C480H,-0.0003268382302064738,-3.65
C480E,-0.0003310643774453618,-3.59
C480A,-0.0003243866906986401,-3.45
C480D,-0.00033156807883368266,-3.29
C480F,-0.00032570566001691317,-3.84
N481P,-0.0003178250937132225,-0.29
N481A,-0.00031592836201144127,-0.06
N481Y,-0.00031945627923097935,-0.08
N481C,-0.00032901345442714225,-0.17
N481D,-0.0003116562763537746,-0.07
N481E,-0.000314412932646902,-0.08
N481F,-0.0003227237129155239,-0.08
N481H,-0.00031163511857776685,-0.02
N481I,-0.0003180840906437606,-0.19
N481K,-0.0003112745701751649,0.01
N481L,-0.0003196407879138686,-0.05
N481W,-0.0003317800779934484,-0.09
N481V,-0.0003184820031520427,-0.12
N481T,-0.00031176624411405395,-0.11
N481S,-0.0003102370929221702,-0.04
N481M,-0.0003187697664640686,-0.02
N481Q,-0.00031366447997861085,-0.04
N481G,-0.00031613356610123606,-0.08
N481R,-0.0003138678697086373,0.02
G482A,-0.0003162713579464783,-0.08
G482V,-0.00032272754062935766,-0.45
G482D,-0.0003217706004653685,-0.02
G482W,-0.0003288312400314439,-0.36
G482Y,-0.000325601703054963,-0.2
G482S,-0.0003165094019480793,-0.08
G482Q,-0.0003212031038464848,0.04
G482P,-0.00032352142252513766,-0.53
G482N,-0.0003191333524560891,-0.02
G482C,-0.0003297266090187798,-0.3
G482M,-0.0003242303865309878,-0.25
G482K,-0.00032081316866840984,-0.06
G482I,-0.00032501350517640036,-0.57
G482H,-0.0003215482594549234,-0.06
G482F,-0.00032455547297927963,-0.23
G482T,-0.00032201645791952007,-0.21
G482E,-0.00031987461791858836,-0.03
G482L,-0.00032308302638292877,-0.19
G482R,-0.0003199552515783557,-0.1
V483D,-0.00031824004364500624,-0.02
V483T,-0.0003105435412134229,-0.17
V483W,-0.0003293827878426869,-0.17
V483Y,-0.00031979223427956065,-0.05
V483R,-0.0003137953596984132,0.05
V483Q,-0.0003136476591077267,0.05
V483P,-0.00031398659907076553,-0.7
V483N,-0.0003163086576716505,0.03
V483M,-0.00031031696279500284,-0.01
V483L,-0.00031098450087040124,0.06
V483K,-0.0003129854412033908,0.05
V483I,-0.00030907177353879173,-0.03
V483H,-0.00031628104428653165,0.0
V483G,-0.00031954194627591034,-0.04
V483F,-0.0003159464939035774,-0.01
V483E,-0.0003120263530715469,-0.03
V483A,-0.0003099843087106452,-0.03
V483C,-0.00035453795543919373,-0.05
V483S,-0.0003125067018938177,-0.08
E484S,-0.00031147155111826784,-0.02
E484F,-0.00032071087389411835,-1.43
E484G,-0.0003156520935464636,-0.06
E484H,-0.00031739152025633317,-0.55
E484I,-0.0003167507586194508,-0.64
E484K,-0.0003062726553743127,0.06
E484L,-0.0003173490876488487,-0.71
E484M,-0.0003158646896891208,-0.26
E484N,-0.000315290907191556,-0.08
E484P,-0.00031748805004878016,-0.28
E484T,-0.00031181739735397317,0.05
E484Q,-0.0003093912647356691,0.03
E484R,-0.00031075599981590413,0.15
E484D,-0.0003109441225863964,-0.38
E484V,-0.0003141843057577758,-0.65
E484A,-0.0003113193555975747,-0.07
E484Y,-0.000320711892276698,-1.51
E484C,-0.00033295334836955346,-0.52
E484W,-0.00033049890588609046,-0.78
G485I,-0.0003206433445940969,-0.66
G485K,-0.0003170466631393403,-0.02
G485L,-0.00031853425671336973,-0.64
G485M,-0.0003187131701448445,-0.28
G485N,-0.0003161770756190346,-0.43
G485P,-0.00032304524673033397,-1.53
G485Q,-0.00031777563192482926,-0.11
G485R,-0.00031534410890218133,-0.18
G485S,-0.00031094197461854165,-0.2
G485T,-0.0003142581970225332,-0.22
G485V,-0.0003156361974137839,-0.67
G485W,-0.00033526383018456197,-0.57
G485Y,-0.00032320285021369136,-0.7
G485F,-0.00032216173546199996,-0.8
G485E,-0.00031676231199423345,-0.43
G485D,-0.00031842197125480574,-0.58
G485C,-0.0003399939070699352,-0.59
G485A,-0.00031197718392182597,-0.19
G485H,-0.000319843586513777,-0.45
F486A,-0.0003204373620854338,-0.34
F486E,-0.0003230865146359026,-1.63
F486D,-0.0003266539966039365,-1.69
F486M,-0.0003176920660255654,-0.53
F486L,-0.00031502873805781004,-0.47
F486K,-0.0003212637210210664,-0.62
F486Y,-0.0003102301983550507,-0.34
F486I,-0.0003164616199056651,-0.38
F486W,-0.00032200013453437883,-0.23
F486V,-0.00031581897952850653,-0.43
F486C,-0.00032783515066587356,-1.2
F486T,-0.0003200851304738988,-0.71
F486R,-0.00032131709831489507,-0.38
F486Q,-0.0003203277923137488,-0.72
F486P,-0.000325939267616242,-0.18
F486N,-0.00032260890491160463,-0.82
F486H,-0.00031819987020807196,-0.42
F486G,-0.00032889103196496956,-0.77
F486S,-0.00031891425973490665,-0.63
N487A,-0.00031447829056797493,-1.74
N487C,-0.0003218320897031935,-2.41
N487I,-0.0003170398388055021,-2.77
N487E,-0.0003163549414040625,-2.06
N487D,-0.0003126857733501755,-1.08
N487Y,-0.0003230568937494918,-2.3
N487W,-0.00033493625045478206,-2.39
N487V,-0.0003186940257229022,-2.47
N487S,-0.0003111591417772603,-1.51
N487R,-0.00031601950725231785,-2.3
N487Q,-0.0003144713433258944,-2.09
N487T,-0.00031243060998624455,-1.93
N487M,-0.000318955235001803,-2.12
N487L,-0.000319251789179545,-2.2
N487K,-0.00031403947302607784,-2.3
N487H,-0.00031582578045125093,-1.87
N487G,-0.00032172706168370275,-1.59
N487F,-0.00032287165346992175,-2.29
N487P,-0.00032054828970055834,-2.64
C488M,-0.0003223435811329712,-3.61
C488S,-0.00031510506992909446,-2.84
C488R,-0.00032376086533959233,-2.84
C488Q,-0.00032299510016744754,-2.84
C488P,-0.00032540672961315205,-4.78
C488N,-0.00032320982671963917,-3.09
C488L,-0.00032118854214615086,-4.34
C488E,-0.0003241666088587453,-3.57
C488I,-0.00032288448860208913,-4.79
C488H,-0.00032334833845601527,-3.61
C488Y,-0.00032302465082057705,-4.69
C488W,-0.0003336375844075936,-4.61
C488A,-0.0003181845183833228,-2.97
C488D,-0.00032662410648994715,-4.54
C488F,-0.0003220736512216357,-4.75
C488K,-0.00032538990288949444,-2.93
C488G,-0.0003272132700761284,-4.3
C488V,-0.000320944990684737,-4.55
C488T,-0.0003180510634432041,-3.34
Y489N,-0.0003191429744156345,-2.57
Y489D,-0.00032183477027343185,-3.37
Y489E,-0.00032049409301844716,-3.98
Y489F,-0.000310843337827654,-0.95
Y489G,-0.0003305909700123981,-4.32
Y489H,-0.0003144150923203036,-0.66
Y489I,-0.0003175059712410722,-2.22
Y489K,-0.000322398796197662,-4.33
Y489L,-0.0003166028648872405,-2.2
Y489M,-0.0003192471771940694,-1.98
Y489W,-0.0003204290043249527,-0.68
Y489P,-0.0003297995521342389,-2.26
Y489V,-0.0003180241406853519,-2.15
Y489Q,-0.0003210631347695206,-2.2
Y489R,-0.0003212353350698526,-3.79
Y489C,-0.0003259622690158853,-3.24
Y489A,-0.00032072534780285065,-2.46
Y489T,-0.0003202739643563647,-4.61
Y489S,-0.0003182843023178059,-4.8
F490W,-0.0003220529499619567,-0.05
F490D,-0.0003299464743060571,-0.08
F490E,-0.00032499490506238853,-0.12
F490G,-0.0003300570741658686,-0.08
F490H,-0.00032113450934169614,-0.05
F490I,-0.00031491026621771346,-0.16
F490K,-0.0003248169163691183,0.09
F490L,-0.00031124028462831745,-0.11
F490N,-0.00032302804542917577,0.02
F490Q,-0.00032203195021083197,-0.02
F490R,-0.000324095643980711,0.01
F490S,-0.0003178148864763324,0.0
F490T,-0.000320066425009965,-0.04
F490V,-0.0003152002301725551,-0.08
F490M,-0.0003155460003222056,-0.03
F490Y,-0.0003115729445654486,0.06
F490P,-0.00032638581667186143,-0.09
F490C,-0.00032960725340989283,-0.11
F490A,-0.00031900467923187594,0.03
P491G,-0.00033433097418330356,-0.93
P491F,-0.00033532239303566395,-4.75
P491E,-0.00033230847808571193,-0.71
P491D,-0.0003313823235100494,-2.34
P491C,-0.00035193366439718947,-1.45
P491A,-0.00032984785507348985,-0.45
P491Y,-0.00033591258085719823,-4.8
P491W,-0.0003475040571949937,-4.49
P491L,-0.00033299537128289667,-4.65
P491T,-0.00032910275019160985,-1.58
P491S,-0.0003272296695473245,-0.57
P491R,-0.0003330748402407482,-4.8
P491Q,-0.00033083261932244194,-1.34
P491N,-0.0003309673209033046,-2.05
P491M,-0.00033607212746133975,-2.02
P491I,-0.0003359830306911693,-3.99
P491H,-0.0003335591572434155,-3.76
P491V,-0.0003350743876136576,-1.77
P491K,-0.0003325269562656825,-4.39
L492Q,-0.0003177894093535214,-1.19
L492R,-0.0003184980924262461,-1.21
L492A,-0.00031626477942912483,-4.06
L492S,-0.00031739995410286903,-3.32
L492T,-0.00031576394589979257,-0.78
L492W,-0.0003273466021080047,-1.9
L492Y,-0.0003171236212573834,-1.16
L492P,-0.00031855576565578426,-4.78
L492N,-0.0003246830517348584,-1.21
L492M,-0.00031194328465802596,-0.27
L492V,-0.0003115200706101363,-0.17
L492I,-0.0003110543771325746,0.03
L492H,-0.0003178824918624087,-1.25
L492G,-0.00032973726106645175,-4.17
L492F,-0.0003116364881267533,-0.52
L492E,-0.0003239495880193628,-3.08
L492D,-0.0003283020205508979,-4.15
L492C,-0.00033297339411860643,-0.77
L492K,-0.0003215680184180776,-1.52
Q493P,-0.0003178444546877823,-0.72
Q493N,-0.0003128968711828305,-0.21
Q493M,-0.0003162161311762406,0.18
Q493L,-0.00031648329857850957,0.05
Q493K,-0.00031053973105790944,0.05
Q493I,-0.0003197529855808309,-0.08
Q493H,-0.0003103299500992798,-0.01
Q493G,-0.0003211715983670243,0.01
Q493C,-0.0003264694001294456,-0.03
Q493E,-0.0003115480000450212,-0.56
Q493D,-0.00031905945533855826,-1.57
Q493A,-0.0003133624358993764,0.13
Q493T,-0.0003129537425824066,-0.08
Q493R,-0.0003093512434708445,-0.09
Q493V,-0.000318058408673879,0.05
Q493W,-0.0003325248726783357,-0.14
Q493Y,-0.00031943112401070786,0.12
Q493F,-0.0003228647764611225,0.06
Q493S,-0.00031226131266154177,-0.18
S494D,-0.0003132190078333055,-1.1
S494C,-0.0003239084020526224,-0.11
S494A,-0.00031053009154004366,0.03
S494Y,-0.0003170738668303179,-0.1
S494W,-0.00032895856711776444,-0.25
S494V,-0.0003141583604130891,-0.21
S494T,-0.00031065391574145677,-0.01
S494R,-0.0003128908779428217,0.05
S494Q,-0.0003133402948574297,-0.01
S494P,-0.0003116056966856532,0.0
S494N,-0.0003108108812725085,-0.02
S494H,-0.0003162255365831685,0.06
S494L,-0.0003158294384346548,-0.35
S494K,-0.00031399360484058055,0.05
S494I,-0.0003158474883879626,-0.64
S494G,-0.00031333148643339327,-0.34
S494M,-0.00031432622380829755,-0.03
S494F,-0.0003162862532548987,-0.19
S494E,-0.00031369265522998053,-0.07
Y495I,-0.00031726289385430753,-1.54
Y495K,-0.00032253713235083474,-2.14
Y495L,-0.0003165270597655663,-1.65
Y495M,-0.0003181130735778659,-0.87
Y495N,-0.0003174011948908396,-1.43
Y495Q,-0.00032048627956589656,-1.98
Y495H,-0.0003110547341517548,-1.1
Y495R,-0.0003222432997127452,-1.59
Y495S,-0.00031581357741861576,-2.43
Y495T,-0.00031804388209018573,-2.14
Y495V,-0.0003174103076590952,-1.91
Y495W,-0.0003195302992567525,-0.82
Y495P,-0.00032544951923981673,-2.67
Y495G,-0.00032618466270129134,-3.93
Y495C,-0.0003238123814514652,-2.33
Y495E,-0.00031935605633848777,-2.6
Y495D,-0.0003206662230854978,-2.61
Y495A,-0.00031995773900707033,-2.35
Y495F,-0.0003100112022046301,-0.5
G496Y,-0.0003293799785114327,-2.0
G496W,-0.00033520032759267143,-1.63
G496T,-0.0003218336758047974,-1.46
G496R,-0.0003220195950060872,-1.63
G496Q,-0.0003240001325708436,-1.58
G496P,-0.00032760228636877236,-2.1
G496N,-0.00032131441774465674,-0.35
G496M,-0.0003271947694592652,-1.62
G496L,-0.00032639329651632556,-1.7
G496I,-0.0003268432635916375,-1.51
G496K,-0.00032507571430535925,-1.65
G496S,-0.0003177520862172555,-0.63
G496V,-0.00032280039595321513,-1.05
G496A,-0.0003181919221417321,-0.53
G496C,-0.00032322273793786133,-1.42
G496D,-0.0003211040163920418,-2.21
G496E,-0.00032227880263646945,-2.33
G496F,-0.00032946081116549725,-2.12
G496H,-0.00032267518171810863,-1.52
F497N,-0.00031887069168937365,-4.42
F497W,-0.00032300435340226584,-1.81
F497V,-0.000315060840520162,-4.73
F497T,-0.0003165095658257358,-4.8
F497S,-0.00031386316407878664,-4.8
F497R,-0.0003180654554131082,-4.8
F497Q,-0.00031882485276774357,-4.75
F497P,-0.00032129822897330475,-4.8
F497C,-0.00032365702543311106,-4.78
F497L,-0.00031290665702003246,-2.05
F497A,-0.0003170453989402759,-4.8
F497Y,-0.00031076840476922324,-0.59
F497D,-0.00032294339676682443,-4.63
F497E,-0.0003209944173564896,-4.8
F497G,-0.00032393811658340836,-3.84
F497H,-0.00031720662529039645,-3.07
F497M,-0.0003170219117604366,-2.35
F497I,-0.0003151957059786812,-4.8
F497K,-0.000319531984855505,-4.8
Q498C,-0.00032400266682174576,-1.41
Q498D,-0.00031815684061769605,-1.27
Q498E,-0.00031160261227404707,-0.98
Q498F,-0.00032095770876143547,0.15
Q498G,-0.00032058966880882243,-0.61
Q498H,-0.00031299989755380277,0.3
Q498I,-0.0003147837292558081,-1.48
Q498K,-0.00031096036988548286,-2.26
Q498A,-0.0003139891216161208,-0.05
Q498L,-0.0003119206695414301,-1.58
Q498N,-0.0003162119405904532,-0.5
Q498P,-0.00031671871468483324,-3.14
Q498R,-0.00031167226613082943,-0.06
Q498S,-0.0003152533909137663,-0.17
Q498T,-0.00031267361128695445,-0.67
Q498V,-0.00031407504618308343,-1.24
Q498W,-0.0003285305245317817,0.07
Q498Y,-0.00032187754819454963,0.16
Q498M,-0.0003141534382306209,-0.51
P499A,-0.0003154229808771414,-0.47
P499C,-0.00033170672518384806,-1.07
P499D,-0.0003212461275840873,-0.92
P499I,-0.00032654294608056966,-0.46
P499F,-0.00032746443599579564,-0.41
P499H,-0.0003217411785732548,-0.47
P499Y,-0.0003278116986026749,-0.36
P499W,-0.0003385112356783739,-0.99
P499V,-0.0003232992688034429,-0.37
P499T,-0.00031559855822775183,-0.15
P499S,-0.00031295392987115684,-0.23
P499G,-0.0003221039276186725,-1.02
P499Q,-0.00031600557765151604,-0.59
P499N,-0.0003190847334670721,-0.37
P499M,-0.00032333567305427785,-0.46
P499L,-0.00032315959821792447,-0.36
P499K,-0.00031963590084804105,-0.12
P499E,-0.00031857907139964676,-1.1
P499R,-0.0003201118425319069,-0.14
T500P,-0.0003159304748626553,-1.12
T500Q,-0.0003139070189102185,-0.44
T500E,-0.00031480834602092255,-1.14
T500H,-0.0003162469284701141,-0.88
T500D,-0.00031595857988074366,-1.99
T500C,-0.0003254193072232878,-1.6
T500A,-0.00031062147381824486,-0.56
T500I,-0.00031168108040763933,-2.3
T500K,-0.00031280326192433314,-0.8
T500L,-0.0003147982265756342,-1.52
T500F,-0.00031940954483501195,-0.98
T500G,-0.0003183826932922088,-0.93
T500M,-0.0003122789763318022,-0.75
T500N,-0.00031209180463699496,-1.2
T500Y,-0.00031929823678961345,-0.97
T500W,-0.0003298330299983508,-0.43
T500V,-0.00031237356300346515,-1.89
T500S,-0.00031061826649839635,-0.32
T500R,-0.00031410398229500113,-1.12
N501T,-0.0003087118747940423,0.1
N501Y,-0.00030747752780064017,0.24
N501R,-0.00031178180078587377,-2.08
N501Q,-0.0003115010783603036,-0.06
N501P,-0.0003164982231507972,-1.95
N501W,-0.0003242435552712416,0.11
N501S,-0.00030956289439059017,-0.13
N501V,-0.00031565994211565484,0.15
N501M,-0.00031496186426841453,0.0
N501A,-0.00031356349037279786,-0.06
N501C,-0.00032830782064938304,-0.58
N501E,-0.00031140927760880103,-0.79
N501F,-0.0003144274650833687,0.29
N501D,-0.0003093550243624907,-2.42
N501H,-0.00030932536835943914,0.0
N501I,-0.00031550353259808046,-0.08
N501K,-0.00031055542526990524,-2.79
N501L,-0.0003159595514411357,-1.15
N501G,-0.0003163992586045966,-0.94
G502Q,-0.0003185593709642271,-4.68
G502W,-0.0003309095130599772,-4.8
G502V,-0.0003176948226818585,-4.8
G502T,-0.00031715539011164905,-4.8
G502S,-0.00031400872255439187,-2.7
G502R,-0.00031874409619973387,-4.8
G502P,-0.0003237397192691315,-4.55
G502Y,-0.00032475236027800744,-4.8
G502M,-0.0003215738477804299,-4.8
G502A,-0.00031518209828041896,-2.8
G502N,-0.0003166711316367162,-4.38
G502D,-0.0003191974052086835,-4.16
G502E,-0.00031807453891749657,-4.67
G502C,-0.00032303920081536413,-3.11
G502H,-0.0003233927727120183,-4.47
G502I,-0.00032103567355651135,-4.66
G502K,-0.00031945873154305324,-4.16
G502L,-0.0003207384697209169,-4.8
G502F,-0.0003232795215458357,-4.8
V503P,-0.0003171493968716402,-0.88
V503G,-0.0003155064180153894,-0.16
V503H,-0.0003152994112713732,-0.07
V503I,-0.00030951769634765243,0.05
V503K,-0.000314720730002434,0.1
V503L,-0.0003108346230479927,0.03
V503M,-0.0003106104588986192,0.1
V503N,-0.0003144264525535625,-0.08
V503Q,-0.0003145901897434915,-0.01
V503T,-0.0003121677560780054,-1.08
V503S,-0.0003124264720754181,-0.64
V503W,-0.0003261991834322112,-0.09
V503Y,-0.00031607905336935877,-0.01
V503F,-0.0003120087947512085,-0.01
V503E,-0.00031423250042071795,-0.2
V503D,-0.00031655762294850194,-0.07
V503C,-0.0003235309391347611,-0.06
V503A,-0.0003095525496135241,-0.06
V503R,-0.0003145561441603553,0.01
G504K,-0.0003199327535172288,-0.42
G504E,-0.0003164515648408846,-0.64
G504F,-0.00032558732279060583,-0.51
G504H,-0.00031992358222123873,-0.49
G504I,-0.0003229788353100407,-1.67
G504L,-0.00032293530823392184,-0.51
G504P,-0.0003199460217546312,-0.3
G504N,-0.0003184554257078238,-0.13
G504M,-0.0003226248244553781,-0.36
G504A,-0.0003127630826346254,-0.18
G504C,-0.0003225041929418799,-0.9
G504W,-0.0003325373332330025,-0.47
G504Y,-0.00032651767965760273,-0.5
G504D,-0.00031899326632365595,-0.27
G504V,-0.00031866860127505224,-1.41
G504T,-0.0003174763562074348,-0.45
G504S,-0.0003129467192542712,-0.2
G504R,-0.000316845046799668,-0.38
G504Q,-0.0003184349527063093,-0.42
Y505V,-0.000316965098888595,-2.46
Y505T,-0.00032165462190675997,-3.46
Y505S,-0.0003200461158861069,-2.37
Y505R,-0.000323044158114473,-2.47
Y505Q,-0.00032086011376422126,-2.29
Y505P,-0.0003232217195552817,-4.09
Y505N,-0.0003201782071300126,-2.0
Y505M,-0.00031762492886136485,-2.32
Y505I,-0.00031717804034488557,-3.19
Y505K,-0.00032516169740005635,-2.71
Y505W,-0.00031745296267197064,0.13
Y505H,-0.00031173169519240146,-0.71
Y505G,-0.0003285718217012176,-4.65
Y505E,-0.0003243100135137224,-3.17
Y505D,-0.00032281105970643397,-3.07
Y505C,-0.00032553957586483234,-2.36
Y505A,-0.00032022916722840804,-2.43
Y505L,-0.0003165490193715361,-2.51
Y505F,-0.00031093708462632744,-0.15
Q506V,-0.00031743761084722144,-2.32
Q506W,-0.0003253663103597331,-2.29
Q506A,-0.0003134809252977933,-1.45
Q506C,-0.00032627353706607084,-2.07
Q506D,-0.0003161308913837712,-2.64
Q506E,-0.00031148556851067134,-2.2
Q506F,-0.000319766066529483,-2.78
Q506H,-0.0003117256726885254,-0.84
Q506I,-0.0003193832366183716,-2.53
Q506K,-0.00031049948446130717,-1.46
Q506G,-0.00032158502657771203,-2.37
Q506M,-0.00031561090757972315,-0.57
Q506N,-0.00031340053160173727,-0.28
Q506P,-0.00031761549419056964,-4.8
Q506R,-0.0003103508562060294,-1.62
Q506S,-0.00031324493561967186,-1.57
Q506T,-0.0003131386960760777,-2.29
Q506L,-0.00031624018022233073,-1.46
Q506Y,-0.0003181790284818303,-2.86
P507L,-0.00033189606240483036,-4.8
P507T,-0.0003232812890834164,-4.45
P507V,-0.0003311836042932329,-4.31
P507S,-0.00032004022799602007,-1.29
P507R,-0.000331387251545291,-4.8
P507Q,-0.00032604499796854634,-4.61
P507N,-0.0003288104978023508,-4.8
P507M,-0.0003333731268394302,-4.43
P507K,-0.000330315181474843,-4.8
P507H,-0.00033144088636115137,-4.41
P507I,-0.00033417007558849603,-4.68
P507Y,-0.0003375044884123581,-4.8
P507A,-0.0003218834068207692,-0.75
P507C,-0.00033530139913731265,-2.31
P507W,-0.00034528221563382685,-4.61
P507E,-0.00032932658951205713,-4.8
P507F,-0.00033819017593821293,-4.8
P507G,-0.0003287094789326706,-3.07
P507D,-0.00032807155003813617,-4.13
Y508T,-0.0003230269392549945,-0.27
Y508S,-0.0003180659002238901,-0.4
Y508R,-0.00032617977563546385,-0.77
Y508Q,-0.000323972220694279,-0.38
Y508P,-0.0003311748778080247,-4.68
Y508N,-0.0003226235134341262,-0.19
Y508M,-0.0003239662450125905,-0.18
Y508L,-0.00032228628833370703,-0.52
Y508I,-0.00032385777556231336,-0.57
Y508H,-0.00031385843503784215,0.07
Y508G,-0.00033388070276377246,-4.7
Y508E,-0.00032747067505228925,-1.14
Y508D,-0.00032590718271221033,-3.08
Y508C,-0.0003209575858531931,-0.33
Y508A,-0.0003209513233856057,-0.4
Y508V,-0.00032290912877829735,-0.25
Y508K,-0.00032635680447388896,-1.23
Y508F,-0.0003115235032617624,0.02
Y508W,-0.00032406880901446046,-0.17
R509D,-0.00032488177095167485,-4.8
R509A,-0.00032066871051421243,-4.15
R509C,-0.0003212650964228262,-3.7
R509E,-0.0003203102691100511,-4.8
R509F,-0.0003280061452948757,-4.65
R509G,-0.0003249540761148283,-4.8
R509H,-0.0003138148201701216,-1.0
R509K,-0.000309643121282603,-1.11
R509L,-0.00032473629441489785,-4.74
R509I,-0.00032752673291635626,-3.76
R509N,-0.00032043547749238416,-4.7
R509P,-0.0003321396431301114,-4.72
R509Q,-0.00031295484290381445,-3.21
R509S,-0.0003163899409892703,-3.5
R509T,-0.00031894680115526715,-2.06
R509V,-0.00032691346760912386,-2.49
R509W,-0.00033434119312574054,-4.8
R509Y,-0.00032513126883090994,-4.8
R509M,-0.0003249559372967842,-4.74
V510M,-0.0003110309133638291,-0.53
V510G,-0.0003279845895302736,-4.8
V510H,-0.0003282945875286213,-3.88
V510I,-0.00030988137598404806,-0.16
V510K,-0.0003269473844312442,-4.56
V510L,-0.0003110151284338448,-0.6
V510N,-0.0003270844856492198,-4.5
V510Q,-0.0003265642443231401,-4.6
V510R,-0.0003278547457513712,-4.39
V510S,-0.00032095313774537404,-4.42
V510T,-0.00031708142276083684,-0.47
V510W,-0.000331077446688467,-4.35
V510Y,-0.00032587220653809625,-4.6
V510F,-0.00031871360325007954,-1.77
V510P,-0.0003306841578712074,-4.53
V510E,-0.00032881437233837213,-3.61
V510D,-0.0003305365684832163,-4.8
V510C,-0.00032269519235052094,-0.14
V510A,-0.00031621401832502655,-0.83
V511E,-0.0003264484062310943,-4.04
V511F,-0.0003181844657083618,-1.8
V511G,-0.00032869938875124946,-4.8
V511H,-0.00032650842057001093,-3.32
V511I,-0.00030994703239656674,-0.4
V511K,-0.00032546990444972957,-4.8
V511L,-0.00031092785480260285,-0.83
V511Y,-0.0003270368616316886,-2.27
V511N,-0.00032887551626256385,-3.81
V511P,-0.0003331822737501254,-4.19
V511Q,-0.0003231400675129347,-2.99
V511R,-0.0003243455047318997,-4.8
V511S,-0.0003199371723611806,-3.42
V511T,-0.0003157142500004615,-0.89
V511W,-0.0003330596874102962,-3.2
V511D,-0.0003332406493124771,-4.46
V511M,-0.0003108603518400619,-0.85
V511C,-0.0003202021215623135,-0.65
V511A,-0.0003124126127078977,-0.78
V512Y,-0.00032258911668458324,-4.15
V512F,-0.0003169573556693258,-4.79
V512G,-0.00032993629048026085,-4.67
V512H,-0.00032219956193678227,-4.24
V512I,-0.00030989808857862346,-0.22
V512K,-0.0003236765561381008,-4.33
V512L,-0.00031102015596623506,-3.97
V512M,-0.0003112269695687275,-4.34
V512P,-0.0003346788045092071,-3.68
V512E,-0.0003250282307543908,-4.06
V512Q,-0.0003223364641604607,-4.14
V512R,-0.0003237545560498174,-4.8
V512T,-0.0003182574614987819,-0.71
V512W,-0.00033263335968693316,-4.31
V512N,-0.0003254524573320867,-4.38
V512D,-0.00033035040931821526,-1.6
V512S,-0.00032042851269198326,-1.23
V512A,-0.0003159395349559499,-0.72
V512C,-0.0003210034774497842,-0.66
L513D,-0.00033768265268883176,-3.15
L513E,-0.00033352219697910316,-2.52
L513Y,-0.0003214998394602036,-1.78
L513W,-0.00032586053610784467,-1.95
L513V,-0.0003113731016161305,-0.45
L513F,-0.00031188127452336424,-0.34
L513T,-0.00032240673255845494,-1.9
L513S,-0.00032411083778057713,-4.12
L513R,-0.00032606804033760375,-4.6
L513P,-0.00033800655102411405,-4.76
L513N,-0.00033439273264870714,-4.54
L513M,-0.00031150799633851694,-0.17
L513K,-0.00032858135001638793,-2.51
L513I,-0.0003111515624356476,-0.13
L513H,-0.0003270498430831921,-3.61
L513G,-0.0003314305679215658,-4.8
L513C,-0.00032385254903562595,-1.94
L513Q,-0.00032769187477191226,-4.8
L513A,-0.00032099174263902473,-3.14
S514Y,-0.0003235888757391043,-0.12
S514I,-0.00031591298092282485,-0.01
S514C,-0.0003138865751725712,-0.12
S514D,-0.0003239277805855025,-0.47
S514E,-0.00032216894022611215,-0.38
S514F,-0.0003203645594365374,-0.23
S514G,-0.00031788564650729617,-0.06
S514H,-0.00031808728040528877,-0.01
S514K,-0.00031697212221673033,-0.11
S514L,-0.00031799328486374395,-0.22
S514M,-0.00031732928771628047,-0.17
S514A,-0.0003113774385212541,-0.09
S514N,-0.00031126581442608947,-0.06
S514Q,-0.0003175469640662889,-0.1
S514R,-0.0003187626494915581,-0.23
S514T,-0.0003111113070598851,0.01
S514V,-0.000315248152681532,-0.03
S514W,-0.00033176266599244613,-0.02
S514P,-0.00033486670780069513,-2.52
F515M,-0.0003151630299445315,-0.05
F515L,-0.0003112154191203316,-0.17
F515N,-0.00033251243553476264,-1.89
F515P,-0.00033299477430000517,-0.9
F515Q,-0.000328481870426124,-0.32
F515K,-0.00033206235725675526,-1.46
F515Y,-0.00031321089003653576,-0.22
F515R,-0.0003301044523669151,-1.34
F515C,-0.00032219822750443656,-0.86
F515D,-0.00033613948703093127,-2.93
F515E,-0.00033182184338475997,-1.09
F515G,-0.0003398281974953549,-0.39
F515A,-0.00032657184707584664,-0.65
F515S,-0.0003272147098583962,-1.09
F515I,-0.00031332368468638957,-0.38
F515W,-0.00032341584434494294,-0.29
F515V,-0.0003144073900704485,-0.42
F515T,-0.0003272009148713836,-0.74
F515H,-0.0004927452890683794,-0.7
E516Q,-0.00031132499767117677,-0.05
E516N,-0.0003181925483884909,-0.06
E516P,-0.00032824312994448294,-0.24
E516K,-0.0003118707687950284,-0.15
E516R,-0.00031922778110286896,-0.11
E516S,-0.00031742460598462415,-0.13
E516T,-0.00032103143029576294,-0.13
E516V,-0.00033371282766301707,-0.28
E516W,-0.0003399904597863754,-0.08
E516Y,-0.0003332826780785937,-0.3
E516I,-0.0003376058116262575,-0.36
E516F,-0.0003356781714279073,-0.46
E516G,-0.0003196800951403328,-0.15
E516M,-0.0003348880762765469,-0.32
E516D,-0.000311856719212371,-0.02
E516C,-0.0003320884372152312,-0.36
E516A,-0.0003219120678523349,-0.25
E516H,-0.0003197579077632991,-0.08
E516L,-0.000336356431784259,-0.54
L517F,-0.0003114484385159291,-0.02
L517E,-0.00032720407536904455,-0.07
L517D,-0.00033277518994585326,-0.02
L517C,-0.0003227294837501418,-0.03
L517A,-0.0003172479926931137,-0.08
L517N,-0.00032707310200486705,-0.04
L517G,-0.00032781207318017543,-0.01
L517P,-0.00032374054451018736,-0.14
L517Q,-0.00031915370254936127,-0.01
L517R,-0.000320082929831083,0.06
L517S,-0.0003176601449991902,0.0
L517T,-0.00031520387645041204,0.0
L517W,-0.0003271656519113707,-0.11
L517M,-0.00031173873607885714,0.13
L517Y,-0.00031948487002926367,-0.01
L517K,-0.0003212591031828174,0.04
L517I,-0.0003108542825139983,-0.07
L517H,-0.00032134160387731404,-0.05
L517V,-0.0003110998356239307,-0.02
L518S,-0.0003185934633695508,0.09
L518V,-0.0003123381244602488,0.01
L518R,-0.0003211922293934219,-0.11
L518Q,-0.00031740272246470904,0.0
L518T,-0.00031679940687233507,0.0
L518G,-0.0003269325417977848,0.0
L518N,-0.00032303519751832694,0.03
L518M,-0.0003118085830771633,0.0
L518K,-0.0003212078270346558,0.0
L518I,-0.0003118282718070361,0.0
L518H,-0.0003166507756906706,-0.03
L518F,-0.00031523804494179054,-0.06
L518E,-0.00032189702622457836,0.0
L518D,-0.0003265941285843561,0.04
L518C,-0.00032384961679612944,0.0
L518A,-0.000318989081590642,0.04
L518W,-0.0003314587841423496,-0.06
L518P,-0.00033110467379053837,-0.09
L518Y,-0.00032312450498834145,-0.02
H519W,-0.00033549443531111293,-0.07
H519V,-0.00032156237049170205,0.01
H519M,-0.00031961284677343673,-0.6
H519T,-0.00031573576479564943,0.02
H519S,-0.00031411435340954766,0.05
H519R,-0.00031139564064667157,-0.06
H519Q,-0.00031036913441750166,0.0
H519P,-0.0003210248751895033,0.02
H519N,-0.0003120001150881879,0.05
H519L,-0.00031847477497683673,-0.06
H519K,-0.00031316904855916935,-0.01
H519I,-0.0003227482477418101,-0.13
H519G,-0.0003202000496805136,0.0
H519F,-0.00032165847888446095,-0.06
H519E,-0.0003161220478430941,0.02
H519D,-0.00031833775569768935,0.0
H519C,-0.0003252699093283019,-0.13
H519A,-0.00031714651145433123,0.02
H519Y,-0.0003159123956454802,-0.05
A520G,-0.000312994928549147,0.05
A520Y,-0.00031963002466350117,-0.02
A520W,-0.00033154229736665245,-0.21
A520F,-0.0003182751251690423,-0.06
A520T,-0.00030957669523037614,0.0
A520E,-0.00031406031475231954,0.03
A520V,-0.0003105779906379268,-0.08
A520C,-0.0003226488383848276,-0.2
A520H,-0.00031441206643643196,0.01
A520I,-0.00031372917653628435,-0.16
A520K,-0.0003135386512022925,-0.02
A520L,-0.00031471844156801654,-0.03
A520M,-0.00031507515640401127,-0.05
A520N,-0.00031404878478863066,-0.05
A520P,-0.00031470400277592496,0.02
A520Q,-0.0003138675126894571,-0.02
A520R,-0.0003135538215910649,-0.03
A520S,-0.0003100327462636853,-0.04
A520D,-0.0003184975188544484,-0.02
P521H,-0.0003250300509669326,0.0
P521L,-0.0003336379882489614,-0.2
P521K,-0.00032414569689922227,-0.08
P521I,-0.0003361325397888507,-0.2
P521Q,-0.0003208999711513894,0.0
P521R,-0.000323947990212212,-0.01
P521S,-0.00031785299973701364,0.04
P521T,-0.0003192527139177495,-0.03
P521V,-0.00033138990870443556,-0.06
P521W,-0.000346190431458877,-0.57
P521Y,-0.00033477575570134226,-0.12
P521C,-0.000333935075029087,-0.11
P521A,-0.00032084939148326795,-0.04
P521M,-0.00033309921704215134,-0.08
P521N,-0.00032460520984802486,-0.06
P521F,-0.0003351658254932065,-0.15
P521D,-0.0003266046518710122,0.0
P521E,-0.00032348591960141345,0.0
P521G,-0.0003257115244959062,0.02
A522Y,-0.00032324942658477565,0.0
A522W,-0.00033708550006689657,-0.02
A522C,-0.0003359508755538563,-0.07
A522D,-0.00031576485307967673,-0.04
A522E,-0.0003117613219315858,-0.01
A522F,-0.00032282130791273816,0.0
A522G,-0.0003141790265561274,0.0
A522R,-0.00031756952650792376,-0.02
A522V,-0.0003124590017902317,-0.03
A522H,-0.0003161512824464575,0.03
A522I,-0.0003169033989509259,-0.01
A522K,-0.0003154192702187765,0.01
A522L,-0.0003147414371148864,-0.05
A522M,-0.00031403849561291235,0.01
A522T,-0.0003074960693869175,0.02
A522P,-0.0003139685257063639,0.04
A522Q,-0.00031372843908683014,-0.04
A522S,-0.00031001771341508894,-0.03
A522N,-0.0003142898780851971,0.0
T523S,-0.00031220474560618493,-0.02
T523K,-0.0003132303212443769,-0.02
T523Y,-0.00032721624328503905,-0.01
T523N,-0.0003134206592896185,-0.02
T523L,-0.0003152856279899076,-0.1
T523R,-0.0003157174924369506,0.0
T523I,-0.00031015881500371495,-0.09
T523H,-0.000319678825088495,0.0
T523G,-0.00032285311773641784,-0.01
T523F,-0.00032422371436925917,0.01
T523D,-0.00031668997756721277,-0.23
T523A,-0.0003128776565276069,-0.03
T523V,-0.00031192003158912447,0.0
T523P,-0.0003193819021860259,-0.01
T523Q,-0.0003150659207275133,0.0
V524A,-0.0003120076417548396,-0.07
V524D,-0.000322929484724343,-0.53
V524E,-0.00031706069223729063,-0.1
V524G,-0.0003228332241594745,-0.02
V524L,-0.00031090432957973615,-0.01
V524Y,-0.000323396770156282,-0.18
V524W,-0.0003317909641520582,-1.08
V524T,-0.00031360855087555963,-0.69
V524R,-0.0003208293457342149,-0.34
V524P,-0.00032073128836789845,-1.31
V524I,-0.00030953836834346417,-0.06
C525P,-0.0003282037290736436,-0.84
C525Q,-0.00032510648818813903,-0.35
C525E,-0.000326430572830404,-0.02
C525A,-0.0003212298334628133,-0.07
C525D,-0.0003288503727478393,-0.05
C525F,-0.0003253400957874679,-0.02
C525G,-0.0003269716734410456,-0.25
C525H,-0.0003252147469385721,-0.49
C525K,-0.00032839061983532545,-0.07
C525L,-0.0003209802712030703,-0.07
C525I,-0.00032346928601927955,-0.05
C525N,-0.0003240398377859021,-0.02
C525Y,-0.00032762398259993716,-0.02
C525W,-0.00033384132530402686,-0.11
C525V,-0.00032113646416802717,-0.06
C525T,-0.0003259899584870589,-0.08
C525S,-0.0003196177162809439,-0.04
C525R,-0.00032415825695103766,-0.08
C525M,-0.00032173030412019186,-0.03
G526Q,-0.0003235314717371447,-0.07
G526V,-0.0003248736941243192,-0.04
G526T,-0.00032159202064198014,0.01
G526S,-0.00031769915373420864,-0.02
G526R,-0.00032255865885156957,-0.08
G526P,-0.00032262019491158223,-0.01
G526K,-0.0003236792542666595,0.0
G526M,-0.00032872674461433666,0.02
G526L,-0.0003290892419904962,-0.13
G526I,-0.00032947042141949576,-0.12
G526H,-0.00032676890995777787,0.0
G526F,-0.0003336234031375337,-0.06
G526W,-0.00033912651433967174,-0.08
G526N,-0.00032278182510307057,-0.1
G526Y,-0.00033209124654648534,-0.02
G526D,-0.0003206187161234356,-0.08
G526E,-0.0003197472557156271,-0.01
G526A,-0.0003156544580669358,-0.06
G526C,-0.00032429640581546013,-0.11
P527E,-0.00031800172456305327,0.02
P527F,-0.0003275379058608649,0.02
P527G,-0.00032280045448094955,0.02
P527H,-0.0003194252770900352,-0.01
P527I,-0.00032146253388225796,0.01
P527K,-0.0003189994995273761,0.05
P527L,-0.0003194379073751319,0.04
P527V,-0.00031953487027281394,0.04
P527N,-0.00031815709228695424,0.01
P527D,-0.00031870950045589377,0.01
P527C,-0.0003355306171565569,0.0
P527A,-0.00031374740792556905,0.02
P527Q,-0.0003151298154552247,0.07
P527R,-0.00031871530055437887,0.03
P527S,-0.00031483904967042096,0.03
P527Y,-0.00032870767627844917,0.03
P527W,-0.00034236981703929795,-0.2
P527T,-0.00031569277617468763,0.02
P527M,-0.0003214899892424938,0.11
K528G,-0.0003208027448789023,0.0
K528I,-0.00031812321643424804,-0.06
K528D,-0.0003199366222004767,0.0
K528E,-0.00031335579885428846,-0.02
K528F,-0.00032597110670378897,0.11
K528H,-0.0003180602113281004,-0.01
K528L,-0.00031942329299983695,0.0
K528M,-0.00031695054889380793,0.01
K528A,-0.0003165683920516428,-0.02
K528N,-0.00031519052627418143,0.02
K528Q,-0.00031180363163082786,0.0
K528R,-0.0003118137276650224,-0.01
K528S,-0.00031634564719983,-0.01
K528T,-0.0003134483546135656,-0.02
K528V,-0.0003176801497788291,0.01
K528W,-0.00033659566389886955,-0.02
K528Y,-0.0003274968428023669,-0.06
K528P,-0.0003227026956060789,-0.16
K528C,-0.00035163346394159056,-0.01
K529W,-0.00033134878711820305,0.0
K529Y,-0.00032276602846753946,0.0
K529F,-0.00032245001967086255,0.03
K529D,-0.00031867551925326553,0.03
K529V,-0.0003197380200391291,0.07
K529E,-0.0003114065443636017,-0.06
K529T,-0.00031369950882768595,-0.04
K529A,-0.0003145734859280762,0.0
K529R,-0.00031122672375224277,-0.1
K529S,-0.000314197216975998,0.01
K529C,-0.0003335529650091095,0.01
K529H,-0.00031657390536422907,-0.02
K529G,-0.00032212713971815985,0.03
K529L,-0.0003202369631226383,-0.01
K529M,-0.00031901721001982407,0.03
K529N,-0.0003134872931153027,-0.08
K529I,-0.00032015038889782313,0.01
K529Q,-0.0003117047022012679,0.02
K529P,-0.0003200475673739215,0.01
S530W,-0.0003342709013166525,-0.01
S530M,-0.0003204653500480532,0.05
S530L,-0.00031938311956290267,0.02
S530K,-0.0003148186703132815,-0.02
S530I,-0.00031943254038188185,0.02
S530H,-0.0003169285424656505,0.0
S530G,-0.0003191498572772072,-0.06
S530Y,-0.00032174381232130553,0.02
S530F,-0.0003222824664726467,0.04
S530D,-0.0003194535225746862,-0.01
S530C,-0.00032956469789416603,-0.01
S530A,-0.0003111436846025891,0.0
S530N,-0.0003128257014577256,0.08
S530Q,-0.00031515820725921186,-0.04
S530R,-0.0003141342938086786,-0.05
S530T,-0.0003114120635289614,-0.01
S530V,-0.0003166210436015642,0.01
S530E,-0.0003170774721387607,0.05
S530P,-0.00031261971309628903,0.02
T531G,-0.0003215680593874917,0.01
T531C,-0.0003313865492124775,-0.03
T531W,-0.0003401848713619355,-0.02
T531V,-0.0003141311098999239,0.01
T531S,-0.0003108756861064908,0.01
T531R,-0.00031632328375249234,-0.01
T531Q,-0.00031568159152463207,-0.01
T531P,-0.00031598276354062306,0.01
T531N,-0.0003116058898271769,-0.01
T531M,-0.0003148430939368722,-0.01
T531L,-0.0003172825884369538,0.01
T531K,-0.0003133322004717537,-0.01
T531I,-0.0003146982553524008,-0.01
T531H,-0.0003174008027550187,0.02
T531F,-0.00032220093148576864,-0.06
T531E,-0.0003155940164755576,0.01
T531D,-0.000316880245379173,-0.01
T531A,-0.0003112730455276822,0.0
T531Y,-0.00032416657374210463,-0.01
